   0.0000000000000000                         0
   1.0000000000000000E-002                  195
   2.0000000000000000E-002                  373
   2.9999999999999999E-002                  570
   4.0000000000000001E-002                  769
   5.0000000000000003E-002                  972
   5.9999999999999998E-002                 1158
   7.0000000000000007E-002                 1342
   8.0000000000000002E-002                 1551
   8.9999999999999997E-002                 1754
  0.10000000000000001                      1930
  0.11000000000000000                      2148
  0.12000000000000000                      2336
  0.13000000000000000                      2530
  0.14000000000000001                      2739
  0.14999999999999999                      2939
  0.16000000000000000                      3142
  0.17000000000000001                      3337
  0.17999999999999999                      3558
  0.19000000000000000                      3744
  0.20000000000000001                      3943
  0.20999999999999999                      4150
  0.22000000000000000                      4358
  0.23000000000000001                      4566
  0.23999999999999999                      4739
  0.25000000000000000                      4942
  0.26000000000000001                      5163
  0.27000000000000002                      5364
  0.28000000000000003                      5570
  0.28999999999999998                      5748
  0.29999999999999999                      5923
  0.31000000000000000                      6124
  0.32000000000000001                      6340
  0.33000000000000002                      6581
  0.34000000000000002                      6804
  0.35000000000000003                      6985
  0.35999999999999999                      7168
  0.37000000000000000                      7369
  0.38000000000000000                      7580
  0.39000000000000001                      7761
  0.40000000000000002                      7989
  0.41000000000000003                      8186
  0.41999999999999998                      8388
  0.42999999999999999                      8584
  0.44000000000000000                      8788
  0.45000000000000001                      8963
  0.46000000000000002                      9198
  0.47000000000000003                      9388
  0.47999999999999998                      9571
  0.48999999999999999                      9768
  0.50000000000000000                      9941
  0.51000000000000001                     10157
  0.52000000000000002                     10351
  0.53000000000000003                     10548
  0.54000000000000004                     10756
  0.55000000000000004                     10959
  0.56000000000000005                     11154
  0.57000000000000006                     11340
  0.57999999999999996                     11533
  0.58999999999999997                     11719
  0.59999999999999998                     11914
  0.60999999999999999                     12086
  0.62000000000000000                     12267
  0.63000000000000000                     12466
  0.64000000000000001                     12670
  0.65000000000000002                     12871
  0.66000000000000003                     13057
  0.67000000000000004                     13252
  0.68000000000000005                     13459
  0.69000000000000006                     13622
  0.70000000000000007                     13807
  0.70999999999999996                     13995
  0.71999999999999997                     14179
  0.72999999999999998                     14343
  0.73999999999999999                     14534
  0.75000000000000000                     14739
  0.76000000000000001                     14919
  0.77000000000000002                     15129
  0.78000000000000003                     15313
  0.79000000000000004                     15511
  0.80000000000000004                     15725
  0.81000000000000005                     15919
  0.82000000000000006                     16108
  0.83000000000000007                     16306
  0.83999999999999997                     16503
  0.84999999999999998                     16728
  0.85999999999999999                     16922
  0.87000000000000000                     17126
  0.88000000000000000                     17309
  0.89000000000000001                     17496
  0.90000000000000002                     17697
  0.91000000000000003                     17851
  0.92000000000000004                     18063
  0.93000000000000005                     18284
  0.94000000000000006                     18495
  0.95000000000000007                     18696
  0.95999999999999996                     18902
  0.96999999999999997                     19077
  0.97999999999999998                     19270
  0.98999999999999999                     19476
   1.0000000000000000                     19689
   1.0100000000000000                     19880
   1.0200000000000000                     20090
   1.0300000000000000                     20301
   1.0400000000000000                     20508
   1.0500000000000000                     20711
   1.0600000000000001                     20905
   1.0700000000000001                     21092
   1.0800000000000001                     21289
   1.0900000000000001                     21513
   1.1000000000000001                     21718
   1.1100000000000001                     21928
   1.1200000000000001                     22121
   1.1300000000000001                     22305
   1.1400000000000001                     22504
   1.1500000000000001                     22716
   1.1599999999999999                     22950
   1.1699999999999999                     23143
   1.1799999999999999                     23310
   1.1899999999999999                     23494
   1.2000000000000000                     23652
   1.2100000000000000                     23814
   1.2200000000000000                     24051
   1.2300000000000000                     24249
   1.2400000000000000                     24442
   1.2500000000000000                     24643
   1.2600000000000000                     24859
   1.2700000000000000                     25070
   1.2800000000000000                     25265
   1.2900000000000000                     25433
   1.3000000000000000                     25608
   1.3100000000000001                     25836
   1.3200000000000001                     26009
   1.3300000000000001                     26198
   1.3400000000000001                     26373
   1.3500000000000001                     26607
   1.3600000000000001                     26836
   1.3700000000000001                     27093
   1.3800000000000001                     27295
   1.3900000000000001                     27512
   1.4000000000000001                     27714
   1.4099999999999999                     27938
   1.4199999999999999                     28182
   1.4299999999999999                     28390
   1.4399999999999999                     28624
   1.4500000000000000                     28825
   1.4600000000000000                     29039
   1.4700000000000000                     29273
   1.4800000000000000                     29466
   1.4900000000000000                     29666
   1.5000000000000000                     29881
   1.5100000000000000                     30101
   1.5200000000000000                     30297
   1.5300000000000000                     30504
   1.5400000000000000                     30671
   1.5500000000000000                     30860
   1.5600000000000001                     31099
   1.5700000000000001                     31312
   1.5800000000000001                     31517
   1.5900000000000001                     31704
   1.6000000000000001                     31915
   1.6100000000000001                     32158
   1.6200000000000001                     32401
   1.6300000000000001                     32569
   1.6400000000000001                     32776
   1.6500000000000001                     33006
   1.6600000000000001                     33188
   1.6699999999999999                     33382
   1.6799999999999999                     33597
   1.6899999999999999                     33824
   1.7000000000000000                     34030
   1.7100000000000000                     34269
   1.7200000000000000                     34505
   1.7300000000000000                     34727
   1.7400000000000000                     34956
   1.7500000000000000                     35195
   1.7600000000000000                     35434
   1.7700000000000000                     35667
   1.7800000000000000                     35889
   1.7900000000000000                     36155
   1.8000000000000000                     36374
   1.8100000000000001                     36640
   1.8200000000000001                     36847
   1.8300000000000001                     37050
   1.8400000000000001                     37278
   1.8500000000000001                     37498
   1.8600000000000001                     37711
   1.8700000000000001                     37955
   1.8800000000000001                     38179
   1.8900000000000001                     38353
   1.9000000000000001                     38531
   1.9100000000000001                     38775
   1.9199999999999999                     39047
   1.9299999999999999                     39267
   1.9399999999999999                     39443
   1.9500000000000000                     39667
   1.9600000000000000                     39899
   1.9700000000000000                     40092
   1.9800000000000000                     40293
   1.9900000000000000                     40540
   2.0000000000000000                     40728
   2.0100000000000002                     40939
   2.0200000000000000                     41174
   2.0300000000000002                     41416
   2.0400000000000000                     41628
   2.0499999999999998                     41830
   2.0600000000000001                     42079
   2.0699999999999998                     42291
   2.0800000000000001                     42551
   2.0899999999999999                     42769
   2.1000000000000001                     42967
   2.1099999999999999                     43219
   2.1200000000000001                     43446
   2.1299999999999999                     43723
   2.1400000000000001                     43938
   2.1499999999999999                     44172
   2.1600000000000001                     44409
   2.1699999999999999                     44649
   2.1800000000000002                     44865
   2.1899999999999999                     45069
   2.2000000000000002                     45301
   2.2100000000000000                     45536
   2.2200000000000002                     45794
   2.2300000000000000                     46015
   2.2400000000000002                     46322
   2.2500000000000000                     46575
   2.2600000000000002                     46816
   2.2700000000000000                     47081
   2.2800000000000002                     47320
   2.2900000000000000                     47560
   2.3000000000000003                     47763
   2.3100000000000001                     48055
   2.3199999999999998                     48288
   2.3300000000000001                     48507
   2.3399999999999999                     48715
   2.3500000000000001                     48985
   2.3599999999999999                     49257
   2.3700000000000001                     49492
   2.3799999999999999                     49692
   2.3900000000000001                     49960
   2.3999999999999999                     50222
   2.4100000000000001                     50488
   2.4199999999999999                     50725
   2.4300000000000002                     50943
   2.4399999999999999                     51201
   2.4500000000000002                     51480
   2.4600000000000000                     51771
   2.4700000000000002                     52028
   2.4800000000000000                     52238
   2.4900000000000002                     52469
   2.5000000000000000                     52730
   2.5100000000000002                     52964
   2.5200000000000000                     53172
   2.5300000000000002                     53409
   2.5400000000000000                     53663
   2.5500000000000003                     53903
   2.5600000000000001                     54162
   2.5699999999999998                     54409
   2.5800000000000001                     54651
   2.5899999999999999                     54924
   2.6000000000000001                     55153
   2.6099999999999999                     55361
   2.6200000000000001                     55594
   2.6299999999999999                     55832
   2.6400000000000001                     56047
   2.6499999999999999                     56268
   2.6600000000000001                     56531
   2.6699999999999999                     56835
   2.6800000000000002                     57088
   2.6899999999999999                     57351
   2.7000000000000002                     57604
   2.7100000000000000                     57829
   2.7200000000000002                     58056
   2.7300000000000000                     58286
   2.7400000000000002                     58561
   2.7500000000000000                     58797
   2.7600000000000002                     59040
   2.7700000000000000                     59323
   2.7800000000000002                     59545
   2.7900000000000000                     59831
   2.8000000000000003                     60097
   2.8100000000000001                     60290
   2.8199999999999998                     60531
   2.8300000000000001                     60800
   2.8399999999999999                     61051
   2.8500000000000001                     61313
   2.8599999999999999                     61600
   2.8700000000000001                     61852
   2.8799999999999999                     62090
   2.8900000000000001                     62325
   2.8999999999999999                     62612
   2.9100000000000001                     62901
   2.9199999999999999                     63163
   2.9300000000000002                     63396
   2.9399999999999999                     63705
   2.9500000000000002                     64012
   2.9600000000000000                     64286
   2.9700000000000002                     64581
   2.9800000000000000                     64897
   2.9900000000000002                     65168
   3.0000000000000000                     65414
   3.0100000000000002                     65727
   3.0200000000000000                     65981
   3.0300000000000002                     66274
   3.0400000000000000                     66538
   3.0500000000000003                     66858
   3.0600000000000001                     67161
   3.0700000000000003                     67520
   3.0800000000000001                     67779
   3.0899999999999999                     68009
   3.1000000000000001                     68313
   3.1099999999999999                     68593
   3.1200000000000001                     68828
   3.1299999999999999                     69103
   3.1400000000000001                     69364
   3.1499999999999999                     69677
   3.1600000000000001                     69964
   3.1699999999999999                     70238
   3.1800000000000002                     70499
   3.1899999999999999                     70744
   3.2000000000000002                     71005
   3.2100000000000000                     71277
   3.2200000000000002                     71544
   3.2300000000000000                     71866
   3.2400000000000002                     72142
   3.2500000000000000                     72469
   3.2600000000000002                     72704
   3.2700000000000000                     72939
   3.2800000000000002                     73232
   3.2900000000000000                     73547
   3.3000000000000003                     73796
   3.3100000000000001                     74093
   3.3200000000000003                     74365
   3.3300000000000001                     74588
   3.3399999999999999                     74858
   3.3500000000000001                     75162
   3.3599999999999999                     75442
   3.3700000000000001                     75684
   3.3799999999999999                     75936
   3.3900000000000001                     76226
   3.3999999999999999                     76504
   3.4100000000000001                     76739
   3.4199999999999999                     77003
   3.4300000000000002                     77255
   3.4399999999999999                     77484
   3.4500000000000002                     77795
   3.4600000000000000                     78041
   3.4700000000000002                     78360
   3.4800000000000000                     78622
   3.4900000000000002                     78831
   3.5000000000000000                     79112
   3.5100000000000002                     79438
   3.5200000000000000                     79739
   3.5300000000000002                     80060
   3.5400000000000000                     80388
   3.5500000000000003                     80640
   3.5600000000000001                     80869
   3.5700000000000003                     81206
   3.5800000000000001                     81452
   3.5899999999999999                     81721
   3.6000000000000001                     81960
   3.6099999999999999                     82312
   3.6200000000000001                     82578
   3.6299999999999999                     82902
   3.6400000000000001                     83213
   3.6499999999999999                     83523
   3.6600000000000001                     83834
   3.6699999999999999                     84118
   3.6800000000000002                     84387
   3.6899999999999999                     84669
   3.7000000000000002                     85006
   3.7100000000000000                     85285
   3.7200000000000002                     85543
   3.7300000000000000                     85839
   3.7400000000000002                     85995
   3.7500000000000000                     86278
   3.7600000000000002                     86548
   3.7700000000000000                     86814
   3.7800000000000002                     87106
   3.7900000000000000                     87406
   3.8000000000000003                     87703
   3.8100000000000001                     87960
   3.8200000000000003                     88242
   3.8300000000000001                     88507
   3.8399999999999999                     88808
   3.8500000000000001                     89118
   3.8599999999999999                     89339
   3.8700000000000001                     89622
   3.8799999999999999                     89902
   3.8900000000000001                     90226
   3.8999999999999999                     90489
   3.9100000000000001                     90819
   3.9199999999999999                     91134
   3.9300000000000002                     91533
   3.9399999999999999                     91802
   3.9500000000000002                     92043
   3.9600000000000000                     92317
   3.9700000000000002                     92578
   3.9800000000000000                     92948
   3.9900000000000002                     93246
   4.0000000000000000                     93600
   4.0099999999999998                     93922
   4.0200000000000005                     94185
   4.0300000000000002                     94465
   4.0400000000000000                     94688
   4.0499999999999998                     94939
   4.0600000000000005                     95238
   4.0700000000000003                     95615
   4.0800000000000001                     95914
   4.0899999999999999                     96172
   4.0999999999999996                     96409
   4.1100000000000003                     96702
   4.1200000000000001                     96995
   4.1299999999999999                     97287
   4.1399999999999997                     97566
   4.1500000000000004                     97847
   4.1600000000000001                     98127
   4.1699999999999999                     98499
   4.1799999999999997                     98777
   4.1900000000000004                     99008
   4.2000000000000002                     99264
   4.2100000000000000                     99500
   4.2199999999999998                     99789
   4.2300000000000004                    100129
   4.2400000000000002                    100401
   4.2500000000000000                    100644
   4.2599999999999998                    100886
   4.2700000000000005                    101106
   4.2800000000000002                    101433
   4.2900000000000000                    101657
   4.2999999999999998                    101931
   4.3100000000000005                    102155
   4.3200000000000003                    102450
   4.3300000000000001                    102664
   4.3399999999999999                    102936
   4.3500000000000005                    103232
   4.3600000000000003                    103428
   4.3700000000000001                    103676
   4.3799999999999999                    103956
   4.3899999999999997                    104279
   4.4000000000000004                    104566
   4.4100000000000001                    104855
   4.4199999999999999                    105062
   4.4299999999999997                    105293
   4.4400000000000004                    105589
   4.4500000000000002                    105836
   4.4600000000000000                    106147
   4.4699999999999998                    106413
   4.4800000000000004                    106709
   4.4900000000000002                    106990
   4.5000000000000000                    107336
   4.5099999999999998                    107618
   4.5200000000000005                    107912
   4.5300000000000002                    108208
   4.5400000000000000                    108491
   4.5499999999999998                    108817
   4.5600000000000005                    109057
   4.5700000000000003                    109289
   4.5800000000000001                    109604
   4.5899999999999999                    109849
   4.6000000000000005                    110130
   4.6100000000000003                    110340
   4.6200000000000001                    110602
   4.6299999999999999                    110833
   4.6399999999999997                    111060
   4.6500000000000004                    111281
   4.6600000000000001                    111514
   4.6699999999999999                    111749
   4.6799999999999997                    111939
   4.6900000000000004                    112127
   4.7000000000000002                    112303
   4.7100000000000000                    112539
   4.7199999999999998                    112816
   4.7300000000000004                    113052
   4.7400000000000002                    113286
   4.7500000000000000                    113561
   4.7599999999999998                    113861
   4.7700000000000005                    114099
   4.7800000000000002                    114360
   4.7900000000000000                    114530
   4.7999999999999998                    114743
   4.8100000000000005                    114960
   4.8200000000000003                    115225
   4.8300000000000001                    115443
   4.8399999999999999                    115674
   4.8500000000000005                    115981
   4.8600000000000003                    116230
   4.8700000000000001                    116470
   4.8799999999999999                    116669
   4.8899999999999997                    116923
   4.9000000000000004                    117148
   4.9100000000000001                    117339
   4.9199999999999999                    117532
   4.9299999999999997                    117728
   4.9400000000000004                    117941
   4.9500000000000002                    118195
   4.9600000000000000                    118380
   4.9699999999999998                    118575
   4.9800000000000004                    118807
   4.9900000000000002                    119068
   5.0000000000000000                    119266
   5.0099999999999998                    119499
   5.0200000000000005                    119748
   5.0300000000000002                    120021
   5.0400000000000000                    120347
   5.0499999999999998                    120617
   5.0600000000000005                    120895
   5.0700000000000003                    121107
   5.0800000000000001                    121336
   5.0899999999999999                    121534
   5.1000000000000005                    121769
   5.1100000000000003                    122008
   5.1200000000000001                    122213
   5.1299999999999999                    122424
   5.1399999999999997                    122658
   5.1500000000000004                    122827
   5.1600000000000001                    123071
   5.1699999999999999                    123239
   5.1799999999999997                    123420
   5.1900000000000004                    123605
   5.2000000000000002                    123772
   5.2100000000000000                    124026
   5.2199999999999998                    124191
   5.2300000000000004                    124496
   5.2400000000000002                    124693
   5.2500000000000000                    124838
   5.2599999999999998                    125049
   5.2700000000000005                    125276
   5.2800000000000002                    125490
   5.2900000000000000                    125666
   5.2999999999999998                    125880
   5.3100000000000005                    126102
   5.3200000000000003                    126312
   5.3300000000000001                    126456
   5.3399999999999999                    126683
   5.3500000000000005                    126879
   5.3600000000000003                    127061
   5.3700000000000001                    127228
   5.3799999999999999                    127395
   5.3899999999999997                    127544
   5.4000000000000004                    127699
   5.4100000000000001                    127848
   5.4199999999999999                    128011
   5.4299999999999997                    128126
   5.4400000000000004                    128281
   5.4500000000000002                    128450
   5.4600000000000000                    128558
   5.4699999999999998                    128744
   5.4800000000000004                    128908
   5.4900000000000002                    129092
   5.5000000000000000                    129214
   5.5099999999999998                    129366
   5.5200000000000005                    129492
   5.5300000000000002                    129675
   5.5400000000000000                    129786
   5.5499999999999998                    129902
   5.5600000000000005                    130033
   5.5700000000000003                    130084
   5.5800000000000001                    130227
   5.5899999999999999                    130314
   5.6000000000000005                    130493
   5.6100000000000003                    130638
   5.6200000000000001                    130750
   5.6299999999999999                    130945
   5.6399999999999997                    131028
   5.6500000000000004                    131126
   5.6600000000000001                    131250
   5.6699999999999999                    131332
   5.6799999999999997                    131416
   5.6900000000000004                    131491
   5.7000000000000002                    131587
   5.7100000000000000                    131697
   5.7199999999999998                    131790
   5.7300000000000004                    131949
   5.7400000000000002                    132056
   5.7500000000000000                    132158
   5.7599999999999998                    132264
   5.7700000000000005                    132392
   5.7800000000000002                    132475
   5.7900000000000000                    132600
   5.7999999999999998                    132707
   5.8100000000000005                    132784
   5.8200000000000003                    132866
   5.8300000000000001                    132981
   5.8399999999999999                    133039
   5.8500000000000005                    133068
   5.8600000000000003                    133189
   5.8700000000000001                    133248
   5.8799999999999999                    133238
   5.8899999999999997                    133379
   5.9000000000000004                    133452
   5.9100000000000001                    133574
   5.9199999999999999                    133701
   5.9299999999999997                    133667
   5.9400000000000004                    133754
   5.9500000000000002                    133807
   5.9600000000000000                    133874
   5.9699999999999998                    134014
   5.9800000000000004                    134103
   5.9900000000000002                    134142
   6.0000000000000000                    134202
   6.0099999999999998                    134275
   6.0200000000000005                    134294
   6.0300000000000002                    134406
   6.0400000000000000                    134418
   6.0499999999999998                    134499
   6.0600000000000005                    134537
   6.0700000000000003                    134552
   6.0800000000000001                    134558
   6.0899999999999999                    134600
   6.1000000000000005                    134634
   6.1100000000000003                    134648
   6.1200000000000001                    134678
   6.1299999999999999                    134741
   6.1400000000000006                    134776
   6.1500000000000004                    134719
   6.1600000000000001                    134772
   6.1699999999999999                    134762
   6.1799999999999997                    134794
   6.1900000000000004                    134820
   6.2000000000000002                    134864
   6.2100000000000000                    134868
   6.2199999999999998                    134887
   6.2300000000000004                    134951
   6.2400000000000002                    134931
   6.2500000000000000                    135016
   6.2599999999999998                    135071
   6.2700000000000005                    135043
   6.2800000000000002                    135083
   6.2900000000000000                    135102
   6.2999999999999998                    135124
   6.3100000000000005                    135135
   6.3200000000000003                    135129
   6.3300000000000001                    135165
   6.3399999999999999                    135126
   6.3500000000000005                    135093
   6.3600000000000003                    135087
   6.3700000000000001                    135087
   6.3799999999999999                    135106
   6.3900000000000006                    135030
   6.4000000000000004                    135039
   6.4100000000000001                    135018
   6.4199999999999999                    135072
   6.4299999999999997                    135042
   6.4400000000000004                    135111
   6.4500000000000002                    135032
   6.4600000000000000                    134999
   6.4699999999999998                    134925
   6.4800000000000004                    134903
   6.4900000000000002                    134883
   6.5000000000000000                    134817
   6.5099999999999998                    134769
   6.5200000000000005                    134688
   6.5300000000000002                    134667
   6.5400000000000000                    134682
   6.5499999999999998                    134653
   6.5600000000000005                    134546
   6.5700000000000003                    134512
   6.5800000000000001                    134517
   6.5899999999999999                    134537
   6.6000000000000005                    134534
   6.6100000000000003                    134448
   6.6200000000000001                    134352
   6.6299999999999999                    134275
   6.6400000000000006                    134274
   6.6500000000000004                    134260
   6.6600000000000001                    134183
   6.6699999999999999                    134143
   6.6799999999999997                    134086
   6.6900000000000004                    134040
   6.7000000000000002                    133964
   6.7100000000000000                    133913
   6.7199999999999998                    133850
   6.7300000000000004                    133806
   6.7400000000000002                    133745
   6.7500000000000000                    133663
   6.7599999999999998                    133549
   6.7700000000000005                    133479
   6.7800000000000002                    133437
   6.7900000000000000                    133322
   6.7999999999999998                    133251
   6.8100000000000005                    133202
   6.8200000000000003                    133136
   6.8300000000000001                    133027
   6.8399999999999999                    132915
   6.8500000000000005                    132799
   6.8600000000000003                    132699
   6.8700000000000001                    132614
   6.8799999999999999                    132505
   6.8900000000000006                    132492
   6.9000000000000004                    132379
   6.9100000000000001                    132201
   6.9199999999999999                    132102
   6.9299999999999997                    131991
   6.9400000000000004                    131913
   6.9500000000000002                    131814
   6.9600000000000000                    131695
   6.9699999999999998                    131553
   6.9800000000000004                    131427
   6.9900000000000002                    131339
   7.0000000000000000                    131211
   7.0099999999999998                    131010
   7.0200000000000005                    130894
   7.0300000000000002                    130731
   7.0400000000000000                    130670
   7.0499999999999998                    130557
   7.0600000000000005                    130410
   7.0700000000000003                    130296
   7.0800000000000001                    130197
   7.0899999999999999                    130139
   7.1000000000000005                    130065
   7.1100000000000003                    129959
   7.1200000000000001                    129852
   7.1299999999999999                    129744
   7.1400000000000006                    129592
   7.1500000000000004                    129497
   7.1600000000000001                    129363
   7.1699999999999999                    129180
   7.1799999999999997                    128973
   7.1900000000000004                    128846
   7.2000000000000002                    128737
   7.2100000000000000                    128651
   7.2199999999999998                    128484
   7.2300000000000004                    128367
   7.2400000000000002                    128226
   7.2500000000000000                    128074
   7.2599999999999998                    127949
   7.2700000000000005                    127729
   7.2800000000000002                    127606
   7.2900000000000000                    127408
   7.2999999999999998                    127232
   7.3100000000000005                    127085
   7.3200000000000003                    126906
   7.3300000000000001                    126715
   7.3399999999999999                    126556
   7.3500000000000005                    126457
   7.3600000000000003                    126353
   7.3700000000000001                    126171
   7.3799999999999999                    125975
   7.3900000000000006                    125807
   7.4000000000000004                    125681
   7.4100000000000001                    125555
   7.4199999999999999                    125434
   7.4299999999999997                    125257
   7.4400000000000004                    125029
   7.4500000000000002                    124897
   7.4600000000000000                    124653
   7.4699999999999998                    124472
   7.4800000000000004                    124253
   7.4900000000000002                    124091
   7.5000000000000000                    123879
   7.5099999999999998                    123713
   7.5200000000000005                    123523
   7.5300000000000002                    123355
   7.5400000000000000                    123189
   7.5499999999999998                    123017
   7.5600000000000005                    122833
   7.5700000000000003                    122648
   7.5800000000000001                    122485
   7.5899999999999999                    122354
   7.6000000000000005                    122134
   7.6100000000000003                    121950
   7.6200000000000001                    121836
   7.6299999999999999                    121629
   7.6400000000000006                    121484
   7.6500000000000004                    121320
   7.6600000000000001                    121067
   7.6699999999999999                    120885
   7.6799999999999997                    120683
   7.6900000000000004                    120455
   7.7000000000000002                    120240
   7.7100000000000000                    120023
   7.7199999999999998                    119864
   7.7300000000000004                    119619
   7.7400000000000002                    119477
   7.7500000000000000                    119301
   7.7599999999999998                    119060
   7.7700000000000005                    118859
   7.7800000000000002                    118655
   7.7900000000000000                    118422
   7.7999999999999998                    118193
   7.8100000000000005                    117969
   7.8200000000000003                    117715
   7.8300000000000001                    117496
   7.8399999999999999                    117306
   7.8500000000000005                    117059
   7.8600000000000003                    116811
   7.8700000000000001                    116538
   7.8799999999999999                    116289
   7.8900000000000006                    115978
   7.9000000000000004                    115717
   7.9100000000000001                    115495
   7.9199999999999999                    115286
   7.9300000000000006                    115060
   7.9400000000000004                    114834
   7.9500000000000002                    114610
   7.9600000000000000                    114324
   7.9699999999999998                    114054
   7.9800000000000004                    113799
   7.9900000000000002                    113648
   8.0000000000000000                    113419
   8.0099999999999998                    113229
   8.0199999999999996                    112954
   8.0299999999999994                    112685
   8.0400000000000009                    112420
   8.0500000000000007                    112160
   8.0600000000000005                    111930
   8.0700000000000003                    111697
   8.0800000000000001                    111439
   8.0899999999999999                    111214
   8.0999999999999996                    110981
   8.1099999999999994                    110760
   8.1200000000000010                    110526
   8.1300000000000008                    110311
   8.1400000000000006                    110095
   8.1500000000000004                    109788
   8.1600000000000001                    109555
   8.1699999999999999                    109357
   8.1799999999999997                    109120
   8.1899999999999995                    108867
   8.1999999999999993                    108637
   8.2100000000000009                    108399
   8.2200000000000006                    108189
   8.2300000000000004                    107997
   8.2400000000000002                    107725
   8.2500000000000000                    107427
   8.2599999999999998                    107245
   8.2699999999999996                    106991
   8.2799999999999994                    106726
   8.2900000000000009                    106512
   8.3000000000000007                    106243
   8.3100000000000005                    105991
   8.3200000000000003                    105723
   8.3300000000000001                    105493
   8.3399999999999999                    105246
   8.3499999999999996                    104991
   8.3599999999999994                    104750
   8.3700000000000010                    104473
   8.3800000000000008                    104252
   8.3900000000000006                    104038
   8.4000000000000004                    103790
   8.4100000000000001                    103624
   8.4199999999999999                    103347
   8.4299999999999997                    103067
   8.4399999999999995                    102779
   8.4499999999999993                    102474
   8.4600000000000009                    102212
   8.4700000000000006                    101924
   8.4800000000000004                    101687
   8.4900000000000002                    101435
   8.5000000000000000                    101142
   8.5099999999999998                    100870
   8.5199999999999996                    100597
   8.5299999999999994                    100333
   8.5400000000000009                    100073
   8.5500000000000007                     99838
   8.5600000000000005                     99563
   8.5700000000000003                     99269
   8.5800000000000001                     99014
   8.5899999999999999                     98739
   8.5999999999999996                     98502
   8.6099999999999994                     98230
   8.6200000000000010                     98009
   8.6300000000000008                     97747
   8.6400000000000006                     97483
   8.6500000000000004                     97255
   8.6600000000000001                     96982
   8.6699999999999999                     96672
   8.6799999999999997                     96447
   8.6899999999999995                     96189
   8.7000000000000011                     95895
   8.7100000000000009                     95605
   8.7200000000000006                     95336
   8.7300000000000004                     95061
   8.7400000000000002                     94825
   8.7500000000000000                     94526
   8.7599999999999998                     94296
   8.7699999999999996                     94050
   8.7799999999999994                     93819
   8.7900000000000009                     93558
   8.8000000000000007                     93330
   8.8100000000000005                     93053
   8.8200000000000003                     92763
   8.8300000000000001                     92510
   8.8399999999999999                     92241
   8.8499999999999996                     92023
   8.8599999999999994                     91749
   8.8700000000000010                     91476
   8.8800000000000008                     91233
   8.8900000000000006                     90999
   8.9000000000000004                     90730
   8.9100000000000001                     90459
   8.9199999999999999                     90171
   8.9299999999999997                     89874
   8.9399999999999995                     89590
   8.9500000000000011                     89370
   8.9600000000000009                     89088
   8.9700000000000006                     88815
   8.9800000000000004                     88553
   8.9900000000000002                     88261
   9.0000000000000000                     88021
   9.0099999999999998                     87763
   9.0199999999999996                     87493
   9.0299999999999994                     87235
   9.0400000000000009                     86969
   9.0500000000000007                     86739
   9.0600000000000005                     86493
   9.0700000000000003                     86239
   9.0800000000000001                     86016
   9.0899999999999999                     85757
   9.0999999999999996                     85537
   9.1099999999999994                     85237
   9.1200000000000010                     84948
   9.1300000000000008                     84697
   9.1400000000000006                     84444
   9.1500000000000004                     84185
   9.1600000000000001                     83888
   9.1699999999999999                     83619
   9.1799999999999997                     83375
   9.1899999999999995                     83117
   9.2000000000000011                     82871
   9.2100000000000009                     82629
   9.2200000000000006                     82361
   9.2300000000000004                     82115
   9.2400000000000002                     81861
   9.2500000000000000                     81608
   9.2599999999999998                     81378
   9.2699999999999996                     81107
   9.2799999999999994                     80833
   9.2900000000000009                     80593
   9.3000000000000007                     80340
   9.3100000000000005                     80120
   9.3200000000000003                     79878
   9.3300000000000001                     79610
   9.3399999999999999                     79340
   9.3499999999999996                     79116
   9.3599999999999994                     78857
   9.3700000000000010                     78600
   9.3800000000000008                     78321
   9.3900000000000006                     78071
   9.4000000000000004                     77820
   9.4100000000000001                     77551
   9.4199999999999999                     77301
   9.4299999999999997                     77062
   9.4399999999999995                     76780
   9.4500000000000011                     76542
   9.4600000000000009                     76266
   9.4700000000000006                     75989
   9.4800000000000004                     75743
   9.4900000000000002                     75447
   9.5000000000000000                     75249
   9.5099999999999998                     75027
   9.5199999999999996                     74800
   9.5299999999999994                     74534
   9.5400000000000009                     74315
   9.5500000000000007                     74036
   9.5600000000000005                     73804
   9.5700000000000003                     73541
   9.5800000000000001                     73317
   9.5899999999999999                     73030
   9.5999999999999996                     72743
   9.6099999999999994                     72528
   9.6200000000000010                     72313
   9.6300000000000008                     72043
   9.6400000000000006                     71811
   9.6500000000000004                     71580
   9.6600000000000001                     71310
   9.6699999999999999                     71054
   9.6799999999999997                     70831
   9.6899999999999995                     70571
   9.7000000000000011                     70323
   9.7100000000000009                     70104
   9.7200000000000006                     69850
   9.7300000000000004                     69586
   9.7400000000000002                     69376
   9.7500000000000000                     69127
   9.7599999999999998                     68874
   9.7699999999999996                     68613
   9.7799999999999994                     68381
   9.7900000000000009                     68167
   9.8000000000000007                     67926
   9.8100000000000005                     67702
   9.8200000000000003                     67462
   9.8300000000000001                     67253
   9.8399999999999999                     66982
   9.8499999999999996                     66751
   9.8599999999999994                     66533
   9.8700000000000010                     66275
   9.8800000000000008                     66048
   9.8900000000000006                     65788
   9.9000000000000004                     65554
   9.9100000000000001                     65340
   9.9199999999999999                     65102
   9.9299999999999997                     64894
   9.9399999999999995                     64678
   9.9500000000000011                     64442
   9.9600000000000009                     64193
   9.9700000000000006                     63944
   9.9800000000000004                     63714
   9.9900000000000002                     63501
   10.000000000000000                     63279
