   0.0000000000000000                         0
   1.0000000000000000E-002                  225
   2.0000000000000000E-002                  443
   2.9999999999999999E-002                  664
   4.0000000000000001E-002                  864
   5.0000000000000003E-002                 1082
   5.9999999999999998E-002                 1277
   7.0000000000000007E-002                 1474
   8.0000000000000002E-002                 1656
   8.9999999999999997E-002                 1877
  0.10000000000000001                      2055
  0.11000000000000000                      2273
  0.12000000000000000                      2449
  0.13000000000000000                      2641
  0.14000000000000001                      2805
  0.14999999999999999                      3016
  0.16000000000000000                      3215
  0.17000000000000001                      3419
  0.17999999999999999                      3614
  0.19000000000000000                      3786
  0.20000000000000001                      4005
  0.20999999999999999                      4173
  0.22000000000000000                      4363
  0.23000000000000001                      4559
  0.23999999999999999                      4740
  0.25000000000000000                      4936
  0.26000000000000001                      5114
  0.27000000000000002                      5327
  0.28000000000000003                      5520
  0.28999999999999998                      5724
  0.29999999999999999                      5903
  0.31000000000000000                      6093
  0.32000000000000001                      6310
  0.33000000000000002                      6525
  0.34000000000000002                      6688
  0.35000000000000003                      6894
  0.35999999999999999                      7094
  0.37000000000000000                      7288
  0.38000000000000000                      7456
  0.39000000000000001                      7672
  0.40000000000000002                      7848
  0.41000000000000003                      8043
  0.41999999999999998                      8245
  0.42999999999999999                      8438
  0.44000000000000000                      8618
  0.45000000000000001                      8802
  0.46000000000000002                      9028
  0.47000000000000003                      9197
  0.47999999999999998                      9406
  0.48999999999999999                      9565
  0.50000000000000000                      9740
  0.51000000000000001                      9952
  0.52000000000000002                     10133
  0.53000000000000003                     10325
  0.54000000000000004                     10520
  0.55000000000000004                     10686
  0.56000000000000005                     10884
  0.57000000000000006                     11074
  0.57999999999999996                     11268
  0.58999999999999997                     11467
  0.59999999999999998                     11668
  0.60999999999999999                     11885
  0.62000000000000000                     12064
  0.63000000000000000                     12255
  0.64000000000000001                     12457
  0.65000000000000002                     12640
  0.66000000000000003                     12799
  0.67000000000000004                     12946
  0.68000000000000005                     13126
  0.69000000000000006                     13291
  0.70000000000000007                     13493
  0.70999999999999996                     13681
  0.71999999999999997                     13871
  0.72999999999999998                     14063
  0.73999999999999999                     14281
  0.75000000000000000                     14454
  0.76000000000000001                     14664
  0.77000000000000002                     14841
  0.78000000000000003                     15029
  0.79000000000000004                     15199
  0.80000000000000004                     15376
  0.81000000000000005                     15589
  0.82000000000000006                     15787
  0.83000000000000007                     15975
  0.83999999999999997                     16167
  0.84999999999999998                     16333
  0.85999999999999999                     16479
  0.87000000000000000                     16711
  0.88000000000000000                     16908
  0.89000000000000001                     17083
  0.90000000000000002                     17280
  0.91000000000000003                     17485
  0.92000000000000004                     17683
  0.93000000000000005                     17890
  0.94000000000000006                     18094
  0.95000000000000007                     18304
  0.95999999999999996                     18508
  0.96999999999999997                     18706
  0.97999999999999998                     18876
  0.98999999999999999                     19052
   1.0000000000000000                     19236
   1.0100000000000000                     19433
   1.0200000000000000                     19612
   1.0300000000000000                     19814
   1.0400000000000000                     20009
   1.0500000000000000                     20202
   1.0600000000000001                     20407
   1.0700000000000001                     20629
   1.0800000000000001                     20822
   1.0900000000000001                     20982
   1.1000000000000001                     21190
   1.1100000000000001                     21389
   1.1200000000000001                     21585
   1.1300000000000001                     21787
   1.1400000000000001                     21981
   1.1500000000000001                     22154
   1.1599999999999999                     22342
   1.1699999999999999                     22538
   1.1799999999999999                     22700
   1.1899999999999999                     22921
   1.2000000000000000                     23103
   1.2100000000000000                     23312
   1.2200000000000000                     23530
   1.2300000000000000                     23717
   1.2400000000000000                     23902
   1.2500000000000000                     24095
   1.2600000000000000                     24327
   1.2700000000000000                     24530
   1.2800000000000000                     24736
   1.2900000000000000                     24949
   1.3000000000000000                     25126
   1.3100000000000001                     25346
   1.3200000000000001                     25542
   1.3300000000000001                     25754
   1.3400000000000001                     25955
   1.3500000000000001                     26166
   1.3600000000000001                     26336
   1.3700000000000001                     26564
   1.3800000000000001                     26747
   1.3900000000000001                     26978
   1.4000000000000001                     27153
   1.4099999999999999                     27318
   1.4199999999999999                     27522
   1.4299999999999999                     27730
   1.4399999999999999                     27956
   1.4500000000000000                     28159
   1.4600000000000000                     28411
   1.4700000000000000                     28625
   1.4800000000000000                     28818
   1.4900000000000000                     29013
   1.5000000000000000                     29185
   1.5100000000000000                     29385
   1.5200000000000000                     29590
   1.5300000000000000                     29796
   1.5400000000000000                     30027
   1.5500000000000000                     30240
   1.5600000000000001                     30468
   1.5700000000000001                     30646
   1.5800000000000001                     30850
   1.5900000000000001                     31053
   1.6000000000000001                     31295
   1.6100000000000001                     31491
   1.6200000000000001                     31691
   1.6300000000000001                     31908
   1.6400000000000001                     32146
   1.6500000000000001                     32369
   1.6600000000000001                     32548
   1.6699999999999999                     32765
   1.6799999999999999                     32992
   1.6899999999999999                     33217
   1.7000000000000000                     33430
   1.7100000000000000                     33617
   1.7200000000000000                     33835
   1.7300000000000000                     34063
   1.7400000000000000                     34268
   1.7500000000000000                     34466
   1.7600000000000000                     34660
   1.7700000000000000                     34867
   1.7800000000000000                     35068
   1.7900000000000000                     35257
   1.8000000000000000                     35506
   1.8100000000000001                     35728
   1.8200000000000001                     35935
   1.8300000000000001                     36160
   1.8400000000000001                     36348
   1.8500000000000001                     36586
   1.8600000000000001                     36823
   1.8700000000000001                     37060
   1.8800000000000001                     37262
   1.8900000000000001                     37458
   1.9000000000000001                     37656
   1.9100000000000001                     37858
   1.9199999999999999                     38073
   1.9299999999999999                     38293
   1.9399999999999999                     38533
   1.9500000000000000                     38754
   1.9600000000000000                     38974
   1.9700000000000000                     39183
   1.9800000000000000                     39432
   1.9900000000000000                     39638
   2.0000000000000000                     39826
   2.0100000000000002                     40086
   2.0200000000000000                     40345
   2.0300000000000002                     40610
   2.0400000000000000                     40852
   2.0499999999999998                     41104
   2.0600000000000001                     41288
   2.0699999999999998                     41497
   2.0800000000000001                     41724
   2.0899999999999999                     41960
   2.1000000000000001                     42163
   2.1099999999999999                     42369
   2.1200000000000001                     42620
   2.1299999999999999                     42809
   2.1400000000000001                     42999
   2.1499999999999999                     43282
   2.1600000000000001                     43550
   2.1699999999999999                     43792
   2.1800000000000002                     44089
   2.1899999999999999                     44365
   2.2000000000000002                     44603
   2.2100000000000000                     44835
   2.2200000000000002                     45069
   2.2300000000000000                     45267
   2.2400000000000002                     45460
   2.2500000000000000                     45700
   2.2600000000000002                     45937
   2.2700000000000000                     46193
   2.2800000000000002                     46476
   2.2900000000000000                     46734
   2.3000000000000003                     46969
   2.3100000000000001                     47217
   2.3199999999999998                     47484
   2.3300000000000001                     47715
   2.3399999999999999                     47945
   2.3500000000000001                     48194
   2.3599999999999999                     48471
   2.3700000000000001                     48736
   2.3799999999999999                     48983
   2.3900000000000001                     49205
   2.3999999999999999                     49495
   2.4100000000000001                     49751
   2.4199999999999999                     49952
   2.4300000000000002                     50203
   2.4399999999999999                     50386
   2.4500000000000002                     50658
   2.4600000000000000                     50911
   2.4700000000000002                     51158
   2.4800000000000000                     51434
   2.4900000000000002                     51721
   2.5000000000000000                     51989
   2.5100000000000002                     52184
   2.5200000000000000                     52463
   2.5300000000000002                     52663
   2.5400000000000000                     52937
   2.5500000000000003                     53174
   2.5600000000000001                     53394
   2.5699999999999998                     53615
   2.5800000000000001                     53863
   2.5899999999999999                     54095
   2.6000000000000001                     54338
   2.6099999999999999                     54660
   2.6200000000000001                     54899
   2.6299999999999999                     55134
   2.6400000000000001                     55396
   2.6499999999999999                     55662
   2.6600000000000001                     55890
   2.6699999999999999                     56113
   2.6800000000000002                     56369
   2.6899999999999999                     56640
   2.7000000000000002                     56897
   2.7100000000000000                     57109
   2.7200000000000002                     57358
   2.7300000000000000                     57616
   2.7400000000000002                     57885
   2.7500000000000000                     58115
   2.7600000000000002                     58380
   2.7700000000000000                     58659
   2.7800000000000002                     58917
   2.7900000000000000                     59185
   2.8000000000000003                     59432
   2.8100000000000001                     59716
   2.8199999999999998                     59944
   2.8300000000000001                     60211
   2.8399999999999999                     60493
   2.8500000000000001                     60738
   2.8599999999999999                     61005
   2.8700000000000001                     61266
   2.8799999999999999                     61521
   2.8900000000000001                     61783
   2.8999999999999999                     61994
   2.9100000000000001                     62313
   2.9199999999999999                     62589
   2.9300000000000002                     62797
   2.9399999999999999                     63089
   2.9500000000000002                     63336
   2.9600000000000000                     63577
   2.9700000000000002                     63830
   2.9800000000000000                     64042
   2.9900000000000002                     64276
   3.0000000000000000                     64556
   3.0100000000000002                     64788
   3.0200000000000000                     65002
   3.0300000000000002                     65198
   3.0400000000000000                     65482
   3.0500000000000003                     65700
   3.0600000000000001                     65955
   3.0700000000000003                     66200
   3.0800000000000001                     66463
   3.0899999999999999                     66741
   3.1000000000000001                     67044
   3.1099999999999999                     67316
   3.1200000000000001                     67572
   3.1299999999999999                     67843
   3.1400000000000001                     68118
   3.1499999999999999                     68359
   3.1600000000000001                     68588
   3.1699999999999999                     68844
   3.1800000000000002                     69065
   3.1899999999999999                     69323
   3.2000000000000002                     69611
   3.2100000000000000                     69888
   3.2200000000000002                     70143
   3.2300000000000000                     70389
   3.2400000000000002                     70660
   3.2500000000000000                     70890
   3.2600000000000002                     71151
   3.2700000000000000                     71434
   3.2800000000000002                     71663
   3.2900000000000000                     71891
   3.3000000000000003                     72198
   3.3100000000000001                     72441
   3.3200000000000003                     72704
   3.3300000000000001                     72908
   3.3399999999999999                     73181
   3.3500000000000001                     73428
   3.3599999999999999                     73685
   3.3700000000000001                     73969
   3.3799999999999999                     74246
   3.3900000000000001                     74481
   3.3999999999999999                     74774
   3.4100000000000001                     75033
   3.4199999999999999                     75331
   3.4300000000000002                     75532
   3.4399999999999999                     75735
   3.4500000000000002                     76035
   3.4600000000000000                     76268
   3.4700000000000002                     76504
   3.4800000000000000                     76836
   3.4900000000000002                     77067
   3.5000000000000000                     77264
   3.5100000000000002                     77480
   3.5200000000000000                     77714
   3.5300000000000002                     77992
   3.5400000000000000                     78245
   3.5500000000000003                     78494
   3.5600000000000001                     78760
   3.5700000000000003                     79034
   3.5800000000000001                     79324
   3.5899999999999999                     79575
   3.6000000000000001                     79894
   3.6099999999999999                     80159
   3.6200000000000001                     80390
   3.6299999999999999                     80686
   3.6400000000000001                     80979
   3.6499999999999999                     81256
   3.6600000000000001                     81522
   3.6699999999999999                     81759
   3.6800000000000002                     82051
   3.6899999999999999                     82257
   3.7000000000000002                     82538
   3.7100000000000000                     82788
   3.7200000000000002                     83069
   3.7300000000000000                     83399
   3.7400000000000002                     83645
   3.7500000000000000                     83920
   3.7600000000000002                     84193
   3.7700000000000000                     84473
   3.7800000000000002                     84744
   3.7900000000000000                     85069
   3.8000000000000003                     85281
   3.8100000000000001                     85547
   3.8200000000000003                     85779
   3.8300000000000001                     85985
   3.8399999999999999                     86259
   3.8500000000000001                     86551
   3.8599999999999999                     86809
   3.8700000000000001                     87107
   3.8799999999999999                     87343
   3.8900000000000001                     87614
   3.8999999999999999                     87842
   3.9100000000000001                     88115
   3.9199999999999999                     88411
   3.9300000000000002                     88668
   3.9399999999999999                     88937
   3.9500000000000002                     89222
   3.9600000000000000                     89419
   3.9700000000000002                     89664
   3.9800000000000000                     89913
   3.9900000000000002                     90102
   4.0000000000000000                     90326
   4.0099999999999998                     90595
   4.0200000000000005                     90855
   4.0300000000000002                     91103
   4.0400000000000000                     91362
   4.0499999999999998                     91609
   4.0600000000000005                     91946
   4.0700000000000003                     92264
   4.0800000000000001                     92464
   4.0899999999999999                     92753
   4.0999999999999996                     92982
   4.1100000000000003                     93263
   4.1200000000000001                     93557
   4.1299999999999999                     93793
   4.1399999999999997                     94014
   4.1500000000000004                     94226
   4.1600000000000001                     94504
   4.1699999999999999                     94762
   4.1799999999999997                     94972
   4.1900000000000004                     95246
   4.2000000000000002                     95508
   4.2100000000000000                     95790
   4.2199999999999998                     96063
   4.2300000000000004                     96353
   4.2400000000000002                     96646
   4.2500000000000000                     96968
   4.2599999999999998                     97263
   4.2700000000000005                     97487
   4.2800000000000002                     97752
   4.2900000000000000                     98084
   4.2999999999999998                     98349
   4.3100000000000005                     98620
   4.3200000000000003                     98855
   4.3300000000000001                     99129
   4.3399999999999999                     99391
   4.3500000000000005                     99679
   4.3600000000000003                    100019
   4.3700000000000001                    100344
   4.3799999999999999                    100600
   4.3899999999999997                    100886
   4.4000000000000004                    101139
   4.4100000000000001                    101377
   4.4199999999999999                    101660
   4.4299999999999997                    101967
   4.4400000000000004                    102266
   4.4500000000000002                    102580
   4.4600000000000000                    102842
   4.4699999999999998                    103090
   4.4800000000000004                    103289
   4.4900000000000002                    103490
   4.5000000000000000                    103786
   4.5099999999999998                    104053
   4.5200000000000005                    104287
   4.5300000000000002                    104554
   4.5400000000000000                    104824
   4.5499999999999998                    105088
   4.5600000000000005                    105276
   4.5700000000000003                    105499
   4.5800000000000001                    105801
   4.5899999999999999                    106082
   4.6000000000000005                    106311
   4.6100000000000003                    106544
   4.6200000000000001                    106777
   4.6299999999999999                    107009
   4.6399999999999997                    107170
   4.6500000000000004                    107455
   4.6600000000000001                    107632
   4.6699999999999999                    107884
   4.6799999999999997                    108161
   4.6900000000000004                    108387
   4.7000000000000002                    108665
   4.7100000000000000                    108922
   4.7199999999999998                    109151
   4.7300000000000004                    109422
   4.7400000000000002                    109685
   4.7500000000000000                    109895
   4.7599999999999998                    110138
   4.7700000000000005                    110346
   4.7800000000000002                    110600
   4.7900000000000000                    110813
   4.7999999999999998                    111081
   4.8100000000000005                    111357
   4.8200000000000003                    111595
   4.8300000000000001                    111889
   4.8399999999999999                    112145
   4.8500000000000005                    112403
   4.8600000000000003                    112646
   4.8700000000000001                    112817
   4.8799999999999999                    113078
   4.8899999999999997                    113269
   4.9000000000000004                    113512
   4.9100000000000001                    113701
   4.9199999999999999                    113974
   4.9299999999999997                    114170
   4.9400000000000004                    114388
   4.9500000000000002                    114624
   4.9600000000000000                    114922
   4.9699999999999998                    115192
   4.9800000000000004                    115492
   4.9900000000000002                    115763
   5.0000000000000000                    115959
   5.0099999999999998                    116170
   5.0200000000000005                    116413
   5.0300000000000002                    116574
   5.0400000000000000                    116754
   5.0499999999999998                    116997
   5.0600000000000005                    117214
   5.0700000000000003                    117436
   5.0800000000000001                    117623
   5.0899999999999999                    117765
   5.1000000000000005                    118019
   5.1100000000000003                    118275
   5.1200000000000001                    118511
   5.1299999999999999                    118777
   5.1399999999999997                    119038
   5.1500000000000004                    119265
   5.1600000000000001                    119491
   5.1699999999999999                    119647
   5.1799999999999997                    119818
   5.1900000000000004                    119958
   5.2000000000000002                    120177
   5.2100000000000000                    120348
   5.2199999999999998                    120518
   5.2300000000000004                    120698
   5.2400000000000002                    120816
   5.2500000000000000                    120977
   5.2599999999999998                    121187
   5.2700000000000005                    121423
   5.2800000000000002                    121609
   5.2900000000000000                    121764
   5.2999999999999998                    121892
   5.3100000000000005                    122051
   5.3200000000000003                    122247
   5.3300000000000001                    122428
   5.3399999999999999                    122642
   5.3500000000000005                    122746
   5.3600000000000003                    122929
   5.3700000000000001                    123088
   5.3799999999999999                    123192
   5.3899999999999997                    123372
   5.4000000000000004                    123590
   5.4100000000000001                    123829
   5.4199999999999999                    123962
   5.4299999999999997                    124170
   5.4400000000000004                    124260
   5.4500000000000002                    124434
   5.4600000000000000                    124565
   5.4699999999999998                    124792
   5.4800000000000004                    124910
   5.4900000000000002                    125080
   5.5000000000000000                    125225
   5.5099999999999998                    125349
   5.5200000000000005                    125511
   5.5300000000000002                    125658
   5.5400000000000000                    125792
   5.5499999999999998                    125958
   5.5600000000000005                    126171
   5.5700000000000003                    126342
   5.5800000000000001                    126533
   5.5899999999999999                    126697
   5.6000000000000005                    126833
   5.6100000000000003                    126948
   5.6200000000000001                    127160
   5.6299999999999999                    127301
   5.6399999999999997                    127439
   5.6500000000000004                    127647
   5.6600000000000001                    127783
   5.6699999999999999                    127870
   5.6799999999999997                    127950
   5.6900000000000004                    128052
   5.7000000000000002                    128165
   5.7100000000000000                    128290
   5.7199999999999998                    128465
   5.7300000000000004                    128614
   5.7400000000000002                    128750
   5.7500000000000000                    128913
   5.7599999999999998                    129034
   5.7700000000000005                    129190
   5.7800000000000002                    129288
   5.7900000000000000                    129433
   5.7999999999999998                    129546
   5.8100000000000005                    129694
   5.8200000000000003                    129797
   5.8300000000000001                    129891
   5.8399999999999999                    129956
   5.8500000000000005                    130052
   5.8600000000000003                    130153
   5.8700000000000001                    130255
   5.8799999999999999                    130355
   5.8899999999999997                    130430
   5.9000000000000004                    130450
   5.9100000000000001                    130520
   5.9199999999999999                    130592
   5.9299999999999997                    130706
   5.9400000000000004                    130869
   5.9500000000000002                    130912
   5.9600000000000000                    130951
   5.9699999999999998                    131019
   5.9800000000000004                    131079
   5.9900000000000002                    131141
   6.0000000000000000                    131184
   6.0099999999999998                    131333
   6.0200000000000005                    131448
   6.0300000000000002                    131543
   6.0400000000000000                    131664
   6.0499999999999998                    131730
   6.0600000000000005                    131776
   6.0700000000000003                    131856
   6.0800000000000001                    131942
   6.0899999999999999                    132005
   6.1000000000000005                    132079
   6.1100000000000003                    132164
   6.1200000000000001                    132223
   6.1299999999999999                    132319
   6.1400000000000006                    132402
   6.1500000000000004                    132445
   6.1600000000000001                    132540
   6.1699999999999999                    132556
   6.1799999999999997                    132617
   6.1900000000000004                    132653
   6.2000000000000002                    132791
   6.2100000000000000                    132858
   6.2199999999999998                    132907
   6.2300000000000004                    132922
   6.2400000000000002                    132957
   6.2500000000000000                    133001
   6.2599999999999998                    132996
   6.2700000000000005                    133062
   6.2800000000000002                    132992
   6.2900000000000000                    132948
   6.2999999999999998                    132961
   6.3100000000000005                    133006
   6.3200000000000003                    132983
   6.3300000000000001                    132987
   6.3399999999999999                    133013
   6.3500000000000005                    133068
   6.3600000000000003                    133084
   6.3700000000000001                    133069
   6.3799999999999999                    133060
   6.3900000000000006                    133062
   6.4000000000000004                    133099
   6.4100000000000001                    133075
   6.4199999999999999                    133070
   6.4299999999999997                    133094
   6.4400000000000004                    133145
   6.4500000000000002                    133126
   6.4600000000000000                    133131
   6.4699999999999998                    133129
   6.4800000000000004                    133142
   6.4900000000000002                    133113
   6.5000000000000000                    133031
   6.5099999999999998                    133065
   6.5200000000000005                    133025
   6.5300000000000002                    133032
   6.5400000000000000                    132993
   6.5499999999999998                    132958
   6.5600000000000005                    132977
   6.5700000000000003                    132968
   6.5800000000000001                    132881
   6.5899999999999999                    132829
   6.6000000000000005                    132788
   6.6100000000000003                    132789
   6.6200000000000001                    132733
   6.6299999999999999                    132677
   6.6400000000000006                    132642
   6.6500000000000004                    132594
   6.6600000000000001                    132541
   6.6699999999999999                    132442
   6.6799999999999997                    132427
   6.6900000000000004                    132357
   6.7000000000000002                    132270
   6.7100000000000000                    132262
   6.7199999999999998                    132214
   6.7300000000000004                    132107
   6.7400000000000002                    132025
   6.7500000000000000                    131992
   6.7599999999999998                    131922
   6.7700000000000005                    131858
   6.7800000000000002                    131798
   6.7900000000000000                    131721
   6.7999999999999998                    131612
   6.8100000000000005                    131502
   6.8200000000000003                    131405
   6.8300000000000001                    131376
   6.8399999999999999                    131312
   6.8500000000000005                    131156
   6.8600000000000003                    131091
   6.8700000000000001                    131046
   6.8799999999999999                    130902
   6.8900000000000006                    130760
   6.9000000000000004                    130669
   6.9100000000000001                    130615
   6.9199999999999999                    130547
   6.9299999999999997                    130509
   6.9400000000000004                    130436
   6.9500000000000002                    130366
   6.9600000000000000                    130324
   6.9699999999999998                    130197
   6.9800000000000004                    130044
   6.9900000000000002                    129927
   7.0000000000000000                    129883
   7.0099999999999998                    129793
   7.0200000000000005                    129722
   7.0300000000000002                    129637
   7.0400000000000000                    129564
   7.0499999999999998                    129490
   7.0600000000000005                    129403
   7.0700000000000003                    129272
   7.0800000000000001                    129193
   7.0899999999999999                    129111
   7.1000000000000005                    128989
   7.1100000000000003                    128890
   7.1200000000000001                    128813
   7.1299999999999999                    128706
   7.1400000000000006                    128556
   7.1500000000000004                    128415
   7.1600000000000001                    128314
   7.1699999999999999                    128234
   7.1799999999999997                    128089
   7.1900000000000004                    127945
   7.2000000000000002                    127786
   7.2100000000000000                    127682
   7.2199999999999998                    127647
   7.2300000000000004                    127526
   7.2400000000000002                    127359
   7.2500000000000000                    127306
   7.2599999999999998                    127214
   7.2700000000000005                    127070
   7.2800000000000002                    126926
   7.2900000000000000                    126699
   7.2999999999999998                    126508
   7.3100000000000005                    126340
   7.3200000000000003                    126203
   7.3300000000000001                    126117
   7.3399999999999999                    125957
   7.3500000000000005                    125823
   7.3600000000000003                    125686
   7.3700000000000001                    125578
   7.3799999999999999                    125465
   7.3900000000000006                    125341
   7.4000000000000004                    125151
   7.4100000000000001                    124994
   7.4199999999999999                    124827
   7.4299999999999997                    124673
   7.4400000000000004                    124542
   7.4500000000000002                    124432
   7.4600000000000000                    124340
   7.4699999999999998                    124145
   7.4800000000000004                    123993
   7.4900000000000002                    123826
   7.5000000000000000                    123663
   7.5099999999999998                    123441
   7.5200000000000005                    123284
   7.5300000000000002                    123127
   7.5400000000000000                    122962
   7.5499999999999998                    122788
   7.5600000000000005                    122606
   7.5700000000000003                    122468
   7.5800000000000001                    122347
   7.5899999999999999                    122210
   7.6000000000000005                    121967
   7.6100000000000003                    121856
   7.6200000000000001                    121656
   7.6299999999999999                    121465
   7.6400000000000006                    121307
   7.6500000000000004                    121085
   7.6600000000000001                    120901
   7.6699999999999999                    120686
   7.6799999999999997                    120467
   7.6900000000000004                    120258
   7.7000000000000002                    120039
   7.7100000000000000                    119851
   7.7199999999999998                    119720
   7.7300000000000004                    119548
   7.7400000000000002                    119415
   7.7500000000000000                    119246
   7.7599999999999998                    119058
   7.7700000000000005                    118873
   7.7800000000000002                    118652
   7.7900000000000000                    118394
   7.7999999999999998                    118200
   7.8100000000000005                    118013
   7.8200000000000003                    117800
   7.8300000000000001                    117605
   7.8399999999999999                    117387
   7.8500000000000005                    117228
   7.8600000000000003                    117069
   7.8700000000000001                    116907
   7.8799999999999999                    116709
   7.8900000000000006                    116523
   7.9000000000000004                    116381
   7.9100000000000001                    116171
   7.9199999999999999                    115994
   7.9300000000000006                    115753
   7.9400000000000004                    115595
   7.9500000000000002                    115400
   7.9600000000000000                    115190
   7.9699999999999998                    114979
   7.9800000000000004                    114783
   7.9900000000000002                    114606
   8.0000000000000000                    114411
   8.0099999999999998                    114205
   8.0199999999999996                    113978
   8.0299999999999994                    113778
   8.0400000000000009                    113588
   8.0500000000000007                    113387
   8.0600000000000005                    113128
   8.0700000000000003                    112945
   8.0800000000000001                    112779
   8.0899999999999999                    112519
   8.0999999999999996                    112288
   8.1099999999999994                    112098
   8.1200000000000010                    111911
   8.1300000000000008                    111663
   8.1400000000000006                    111463
   8.1500000000000004                    111234
   8.1600000000000001                    110993
   8.1699999999999999                    110804
   8.1799999999999997                    110533
   8.1899999999999995                    110329
   8.1999999999999993                    110093
   8.2100000000000009                    109913
   8.2200000000000006                    109700
   8.2300000000000004                    109484
   8.2400000000000002                    109267
   8.2500000000000000                    109077
   8.2599999999999998                    108822
   8.2699999999999996                    108621
   8.2799999999999994                    108402
   8.2900000000000009                    108215
   8.3000000000000007                    107968
   8.3100000000000005                    107746
   8.3200000000000003                    107517
   8.3300000000000001                    107269
   8.3399999999999999                    107065
   8.3499999999999996                    106820
   8.3599999999999994                    106583
   8.3700000000000010                    106349
   8.3800000000000008                    106077
   8.3900000000000006                    105884
   8.4000000000000004                    105639
   8.4100000000000001                    105429
   8.4199999999999999                    105210
   8.4299999999999997                    104957
   8.4399999999999995                    104718
   8.4499999999999993                    104427
   8.4600000000000009                    104235
   8.4700000000000006                    104020
   8.4800000000000004                    103765
   8.4900000000000002                    103511
   8.5000000000000000                    103277
   8.5099999999999998                    103056
   8.5199999999999996                    102831
   8.5299999999999994                    102578
   8.5400000000000009                    102361
   8.5500000000000007                    102105
   8.5600000000000005                    101888
   8.5700000000000003                    101695
   8.5800000000000001                    101522
   8.5899999999999999                    101287
   8.5999999999999996                    101033
   8.6099999999999994                    100828
   8.6200000000000010                    100536
   8.6300000000000008                    100291
   8.6400000000000006                    100059
   8.6500000000000004                     99802
   8.6600000000000001                     99545
   8.6699999999999999                     99304
   8.6799999999999997                     99062
   8.6899999999999995                     98820
   8.7000000000000011                     98567
   8.7100000000000009                     98354
   8.7200000000000006                     98076
   8.7300000000000004                     97823
   8.7400000000000002                     97584
   8.7500000000000000                     97309
   8.7599999999999998                     97054
   8.7699999999999996                     96822
   8.7799999999999994                     96608
   8.7900000000000009                     96366
   8.8000000000000007                     96091
   8.8100000000000005                     95808
   8.8200000000000003                     95503
   8.8300000000000001                     95255
   8.8399999999999999                     94992
   8.8499999999999996                     94774
   8.8599999999999994                     94535
   8.8700000000000010                     94311
   8.8800000000000008                     94090
   8.8900000000000006                     93821
   8.9000000000000004                     93555
   8.9100000000000001                     93290
   8.9199999999999999                     93025
   8.9299999999999997                     92795
   8.9399999999999995                     92587
   8.9500000000000011                     92344
   8.9600000000000009                     92099
   8.9700000000000006                     91874
   8.9800000000000004                     91533
   8.9900000000000002                     91292
   9.0000000000000000                     91018
   9.0099999999999998                     90816
   9.0199999999999996                     90546
   9.0299999999999994                     90309
   9.0400000000000009                     90047
   9.0500000000000007                     89758
   9.0600000000000005                     89554
   9.0700000000000003                     89295
   9.0800000000000001                     89029
   9.0899999999999999                     88758
   9.0999999999999996                     88512
   9.1099999999999994                     88250
   9.1200000000000010                     87986
   9.1300000000000008                     87728
   9.1400000000000006                     87436
   9.1500000000000004                     87187
   9.1600000000000001                     86953
   9.1699999999999999                     86720
   9.1799999999999997                     86480
   9.1899999999999995                     86221
   9.2000000000000011                     85976
   9.2100000000000009                     85720
   9.2200000000000006                     85483
   9.2300000000000004                     85266
   9.2400000000000002                     85050
   9.2500000000000000                     84779
   9.2599999999999998                     84516
   9.2699999999999996                     84233
   9.2799999999999994                     84003
   9.2900000000000009                     83741
   9.3000000000000007                     83481
   9.3100000000000005                     83238
   9.3200000000000003                     82982
   9.3300000000000001                     82732
   9.3399999999999999                     82497
   9.3499999999999996                     82247
   9.3599999999999994                     81977
   9.3700000000000010                     81718
   9.3800000000000008                     81531
   9.3900000000000006                     81258
   9.4000000000000004                     81042
   9.4100000000000001                     80806
   9.4199999999999999                     80545
   9.4299999999999997                     80269
   9.4399999999999995                     80028
   9.4500000000000011                     79777
   9.4600000000000009                     79569
   9.4700000000000006                     79311
   9.4800000000000004                     79079
   9.4900000000000002                     78847
   9.5000000000000000                     78581
   9.5099999999999998                     78343
   9.5199999999999996                     78107
   9.5299999999999994                     77876
   9.5400000000000009                     77647
   9.5500000000000007                     77396
   9.5600000000000005                     77171
   9.5700000000000003                     76933
   9.5800000000000001                     76700
   9.5899999999999999                     76419
   9.5999999999999996                     76204
   9.6099999999999994                     75960
   9.6200000000000010                     75739
   9.6300000000000008                     75527
   9.6400000000000006                     75264
   9.6500000000000004                     75009
   9.6600000000000001                     74761
   9.6699999999999999                     74529
   9.6799999999999997                     74259
   9.6899999999999995                     74001
   9.7000000000000011                     73751
   9.7100000000000009                     73525
   9.7200000000000006                     73289
   9.7300000000000004                     73055
   9.7400000000000002                     72809
   9.7500000000000000                     72551
   9.7599999999999998                     72331
   9.7699999999999996                     72087
   9.7799999999999994                     71846
   9.7900000000000009                     71598
   9.8000000000000007                     71353
   9.8100000000000005                     71127
   9.8200000000000003                     70879
   9.8300000000000001                     70580
   9.8399999999999999                     70326
   9.8499999999999996                     70095
   9.8599999999999994                     69885
   9.8700000000000010                     69671
   9.8800000000000008                     69470
   9.8900000000000006                     69225
   9.9000000000000004                     68999
   9.9100000000000001                     68766
   9.9199999999999999                     68556
   9.9299999999999997                     68304
   9.9399999999999995                     68080
   9.9500000000000011                     67840
   9.9600000000000009                     67612
   9.9700000000000006                     67431
   9.9800000000000004                     67202
   9.9900000000000002                     66951
   10.000000000000000                     66714
