   0.0000000000000000                         0
   1.0000000000000000E-002                  180
   2.0000000000000000E-002                  378
   2.9999999999999999E-002                  588
   4.0000000000000001E-002                  785
   5.0000000000000003E-002                  988
   5.9999999999999998E-002                 1208
   7.0000000000000007E-002                 1401
   8.0000000000000002E-002                 1595
   8.9999999999999997E-002                 1808
  0.10000000000000001                      2020
  0.11000000000000000                      2208
  0.12000000000000000                      2402
  0.13000000000000000                      2581
  0.14000000000000001                      2754
  0.14999999999999999                      2936
  0.16000000000000000                      3122
  0.17000000000000001                      3324
  0.17999999999999999                      3491
  0.19000000000000000                      3662
  0.20000000000000001                      3850
  0.20999999999999999                      4068
  0.22000000000000000                      4272
  0.23000000000000001                      4451
  0.23999999999999999                      4669
  0.25000000000000000                      4865
  0.26000000000000001                      5046
  0.27000000000000002                      5244
  0.28000000000000003                      5459
  0.28999999999999998                      5638
  0.29999999999999999                      5853
  0.31000000000000000                      6043
  0.32000000000000001                      6229
  0.33000000000000002                      6410
  0.34000000000000002                      6588
  0.35000000000000003                      6768
  0.35999999999999999                      6963
  0.37000000000000000                      7161
  0.38000000000000000                      7349
  0.39000000000000001                      7546
  0.40000000000000002                      7725
  0.41000000000000003                      7916
  0.41999999999999998                      8139
  0.42999999999999999                      8339
  0.44000000000000000                      8558
  0.45000000000000001                      8748
  0.46000000000000002                      8916
  0.47000000000000003                      9124
  0.47999999999999998                      9301
  0.48999999999999999                      9533
  0.50000000000000000                      9685
  0.51000000000000001                      9879
  0.52000000000000002                     10064
  0.53000000000000003                     10265
  0.54000000000000004                     10450
  0.55000000000000004                     10643
  0.56000000000000005                     10848
  0.57000000000000006                     11013
  0.57999999999999996                     11201
  0.58999999999999997                     11410
  0.59999999999999998                     11603
  0.60999999999999999                     11827
  0.62000000000000000                     12016
  0.63000000000000000                     12210
  0.64000000000000001                     12387
  0.65000000000000002                     12574
  0.66000000000000003                     12796
  0.67000000000000004                     12982
  0.68000000000000005                     13187
  0.69000000000000006                     13393
  0.70000000000000007                     13603
  0.70999999999999996                     13820
  0.71999999999999997                     14002
  0.72999999999999998                     14186
  0.73999999999999999                     14356
  0.75000000000000000                     14548
  0.76000000000000001                     14738
  0.77000000000000002                     14894
  0.78000000000000003                     15070
  0.79000000000000004                     15299
  0.80000000000000004                     15505
  0.81000000000000005                     15697
  0.82000000000000006                     15875
  0.83000000000000007                     16047
  0.83999999999999997                     16235
  0.84999999999999998                     16432
  0.85999999999999999                     16612
  0.87000000000000000                     16832
  0.88000000000000000                     17024
  0.89000000000000001                     17224
  0.90000000000000002                     17428
  0.91000000000000003                     17642
  0.92000000000000004                     17823
  0.93000000000000005                     18024
  0.94000000000000006                     18270
  0.95000000000000007                     18477
  0.95999999999999996                     18669
  0.96999999999999997                     18844
  0.97999999999999998                     19035
  0.98999999999999999                     19239
   1.0000000000000000                     19438
   1.0100000000000000                     19655
   1.0200000000000000                     19815
   1.0300000000000000                     19990
   1.0400000000000000                     20154
   1.0500000000000000                     20336
   1.0600000000000001                     20516
   1.0700000000000001                     20730
   1.0800000000000001                     20933
   1.0900000000000001                     21130
   1.1000000000000001                     21358
   1.1100000000000001                     21571
   1.1200000000000001                     21759
   1.1300000000000001                     21974
   1.1400000000000001                     22184
   1.1500000000000001                     22345
   1.1599999999999999                     22565
   1.1699999999999999                     22781
   1.1799999999999999                     23007
   1.1899999999999999                     23206
   1.2000000000000000                     23397
   1.2100000000000000                     23570
   1.2200000000000000                     23778
   1.2300000000000000                     23984
   1.2400000000000000                     24192
   1.2500000000000000                     24414
   1.2600000000000000                     24652
   1.2700000000000000                     24875
   1.2800000000000000                     25067
   1.2900000000000000                     25259
   1.3000000000000000                     25445
   1.3100000000000001                     25673
   1.3200000000000001                     25882
   1.3300000000000001                     26092
   1.3400000000000001                     26315
   1.3500000000000001                     26518
   1.3600000000000001                     26746
   1.3700000000000001                     26940
   1.3800000000000001                     27155
   1.3900000000000001                     27365
   1.4000000000000001                     27584
   1.4099999999999999                     27796
   1.4199999999999999                     27997
   1.4299999999999999                     28241
   1.4399999999999999                     28426
   1.4500000000000000                     28648
   1.4600000000000000                     28887
   1.4700000000000000                     29084
   1.4800000000000000                     29275
   1.4900000000000000                     29451
   1.5000000000000000                     29664
   1.5100000000000000                     29888
   1.5200000000000000                     30070
   1.5300000000000000                     30295
   1.5400000000000000                     30506
   1.5500000000000000                     30705
   1.5600000000000001                     30935
   1.5700000000000001                     31195
   1.5800000000000001                     31419
   1.5900000000000001                     31631
   1.6000000000000001                     31841
   1.6100000000000001                     32075
   1.6200000000000001                     32304
   1.6300000000000001                     32544
   1.6400000000000001                     32780
   1.6500000000000001                     33004
   1.6600000000000001                     33252
   1.6699999999999999                     33496
   1.6799999999999999                     33753
   1.6899999999999999                     33968
   1.7000000000000000                     34185
   1.7100000000000000                     34382
   1.7200000000000000                     34625
   1.7300000000000000                     34849
   1.7400000000000000                     35135
   1.7500000000000000                     35353
   1.7600000000000000                     35585
   1.7700000000000000                     35843
   1.7800000000000000                     36031
   1.7900000000000000                     36252
   1.8000000000000000                     36524
   1.8100000000000001                     36731
   1.8200000000000001                     36935
   1.8300000000000001                     37158
   1.8400000000000001                     37376
   1.8500000000000001                     37563
   1.8600000000000001                     37786
   1.8700000000000001                     38009
   1.8800000000000001                     38208
   1.8900000000000001                     38426
   1.9000000000000001                     38605
   1.9100000000000001                     38831
   1.9199999999999999                     39094
   1.9299999999999999                     39306
   1.9399999999999999                     39590
   1.9500000000000000                     39791
   1.9600000000000000                     40030
   1.9700000000000000                     40245
   1.9800000000000000                     40468
   1.9900000000000000                     40729
   2.0000000000000000                     40970
   2.0100000000000002                     41193
   2.0200000000000000                     41433
   2.0300000000000002                     41711
   2.0400000000000000                     41969
   2.0499999999999998                     42220
   2.0600000000000001                     42468
   2.0699999999999998                     42728
   2.0800000000000001                     42942
   2.0899999999999999                     43185
   2.1000000000000001                     43426
   2.1099999999999999                     43660
   2.1200000000000001                     43881
   2.1299999999999999                     44068
   2.1400000000000001                     44297
   2.1499999999999999                     44525
   2.1600000000000001                     44771
   2.1699999999999999                     44953
   2.1800000000000002                     45193
   2.1899999999999999                     45387
   2.2000000000000002                     45600
   2.2100000000000000                     45796
   2.2200000000000002                     46051
   2.2300000000000000                     46302
   2.2400000000000002                     46485
   2.2500000000000000                     46668
   2.2600000000000002                     46888
   2.2700000000000000                     47116
   2.2800000000000002                     47322
   2.2900000000000000                     47576
   2.3000000000000003                     47817
   2.3100000000000001                     48083
   2.3199999999999998                     48328
   2.3300000000000001                     48560
   2.3399999999999999                     48800
   2.3500000000000001                     49012
   2.3599999999999999                     49264
   2.3700000000000001                     49490
   2.3799999999999999                     49696
   2.3900000000000001                     49962
   2.3999999999999999                     50236
   2.4100000000000001                     50514
   2.4199999999999999                     50780
   2.4300000000000002                     51015
   2.4399999999999999                     51262
   2.4500000000000002                     51461
   2.4600000000000000                     51671
   2.4700000000000002                     51912
   2.4800000000000000                     52187
   2.4900000000000002                     52396
   2.5000000000000000                     52662
   2.5100000000000002                     52899
   2.5200000000000000                     53153
   2.5300000000000002                     53376
   2.5400000000000000                     53610
   2.5500000000000003                     53881
   2.5600000000000001                     54172
   2.5699999999999998                     54438
   2.5800000000000001                     54713
   2.5899999999999999                     54962
   2.6000000000000001                     55201
   2.6099999999999999                     55501
   2.6200000000000001                     55742
   2.6299999999999999                     55998
   2.6400000000000001                     56247
   2.6499999999999999                     56518
   2.6600000000000001                     56786
   2.6699999999999999                     57011
   2.6800000000000002                     57276
   2.6899999999999999                     57543
   2.7000000000000002                     57749
   2.7100000000000000                     58045
   2.7200000000000002                     58269
   2.7300000000000000                     58544
   2.7400000000000002                     58825
   2.7500000000000000                     59087
   2.7600000000000002                     59356
   2.7700000000000000                     59603
   2.7800000000000002                     59854
   2.7900000000000000                     60054
   2.8000000000000003                     60346
   2.8100000000000001                     60578
   2.8199999999999998                     60810
   2.8300000000000001                     61041
   2.8399999999999999                     61253
   2.8500000000000001                     61520
   2.8599999999999999                     61781
   2.8700000000000001                     62027
   2.8799999999999999                     62287
   2.8900000000000001                     62505
   2.8999999999999999                     62781
   2.9100000000000001                     62998
   2.9199999999999999                     63226
   2.9300000000000002                     63491
   2.9399999999999999                     63748
   2.9500000000000002                     64007
   2.9600000000000000                     64257
   2.9700000000000002                     64530
   2.9800000000000000                     64788
   2.9900000000000002                     65046
   3.0000000000000000                     65312
   3.0100000000000002                     65558
   3.0200000000000000                     65732
   3.0300000000000002                     65970
   3.0400000000000000                     66201
   3.0500000000000003                     66449
   3.0600000000000001                     66731
   3.0700000000000003                     66963
   3.0800000000000001                     67219
   3.0899999999999999                     67495
   3.1000000000000001                     67771
   3.1099999999999999                     68110
   3.1200000000000001                     68383
   3.1299999999999999                     68658
   3.1400000000000001                     68962
   3.1499999999999999                     69259
   3.1600000000000001                     69574
   3.1699999999999999                     69862
   3.1800000000000002                     70123
   3.1899999999999999                     70456
   3.2000000000000002                     70780
   3.2100000000000000                     70998
   3.2200000000000002                     71265
   3.2300000000000000                     71536
   3.2400000000000002                     71828
   3.2500000000000000                     72087
   3.2600000000000002                     72344
   3.2700000000000000                     72597
   3.2800000000000002                     72841
   3.2900000000000000                     73094
   3.3000000000000003                     73345
   3.3100000000000001                     73691
   3.3200000000000003                     73949
   3.3300000000000001                     74228
   3.3399999999999999                     74497
   3.3500000000000001                     74772
   3.3599999999999999                     75034
   3.3700000000000001                     75313
   3.3799999999999999                     75545
   3.3900000000000001                     75790
   3.3999999999999999                     76079
   3.4100000000000001                     76326
   3.4199999999999999                     76608
   3.4300000000000002                     76886
   3.4399999999999999                     77195
   3.4500000000000002                     77488
   3.4600000000000000                     77780
   3.4700000000000002                     77997
   3.4800000000000000                     78281
   3.4900000000000002                     78620
   3.5000000000000000                     78819
   3.5100000000000002                     79045
   3.5200000000000000                     79344
   3.5300000000000002                     79592
   3.5400000000000000                     79879
   3.5500000000000003                     80188
   3.5600000000000001                     80433
   3.5700000000000003                     80686
   3.5800000000000001                     81008
   3.5899999999999999                     81271
   3.6000000000000001                     81583
   3.6099999999999999                     81869
   3.6200000000000001                     82211
   3.6299999999999999                     82444
   3.6400000000000001                     82735
   3.6499999999999999                     83033
   3.6600000000000001                     83279
   3.6699999999999999                     83559
   3.6800000000000002                     83819
   3.6899999999999999                     84076
   3.7000000000000002                     84345
   3.7100000000000000                     84637
   3.7200000000000002                     84896
   3.7300000000000000                     85137
   3.7400000000000002                     85409
   3.7500000000000000                     85699
   3.7600000000000002                     85991
   3.7700000000000000                     86259
   3.7800000000000002                     86527
   3.7900000000000000                     86808
   3.8000000000000003                     87061
   3.8100000000000001                     87307
   3.8200000000000003                     87582
   3.8300000000000001                     87820
   3.8399999999999999                     88071
   3.8500000000000001                     88340
   3.8599999999999999                     88589
   3.8700000000000001                     88865
   3.8799999999999999                     89217
   3.8900000000000001                     89420
   3.8999999999999999                     89693
   3.9100000000000001                     89965
   3.9199999999999999                     90209
   3.9300000000000002                     90462
   3.9399999999999999                     90728
   3.9500000000000002                     91022
   3.9600000000000000                     91285
   3.9700000000000002                     91558
   3.9800000000000000                     91792
   3.9900000000000002                     92097
   4.0000000000000000                     92377
   4.0099999999999998                     92600
   4.0200000000000005                     92894
   4.0300000000000002                     93186
   4.0400000000000000                     93493
   4.0499999999999998                     93819
   4.0600000000000005                     94101
   4.0700000000000003                     94349
   4.0800000000000001                     94591
   4.0899999999999999                     94825
   4.0999999999999996                     95098
   4.1100000000000003                     95444
   4.1200000000000001                     95691
   4.1299999999999999                     95967
   4.1399999999999997                     96251
   4.1500000000000004                     96631
   4.1600000000000001                     96955
   4.1699999999999999                     97209
   4.1799999999999997                     97500
   4.1900000000000004                     97773
   4.2000000000000002                     97983
   4.2100000000000000                     98185
   4.2199999999999998                     98461
   4.2300000000000004                     98777
   4.2400000000000002                     99090
   4.2500000000000000                     99327
   4.2599999999999998                     99562
   4.2700000000000005                     99794
   4.2800000000000002                    100052
   4.2900000000000000                    100354
   4.2999999999999998                    100573
   4.3100000000000005                    100882
   4.3200000000000003                    101112
   4.3300000000000001                    101383
   4.3399999999999999                    101668
   4.3500000000000005                    101932
   4.3600000000000003                    102176
   4.3700000000000001                    102499
   4.3799999999999999                    102770
   4.3899999999999997                    103020
   4.4000000000000004                    103260
   4.4100000000000001                    103524
   4.4199999999999999                    103762
   4.4299999999999997                    104010
   4.4400000000000004                    104240
   4.4500000000000002                    104464
   4.4600000000000000                    104741
   4.4699999999999998                    104988
   4.4800000000000004                    105173
   4.4900000000000002                    105385
   4.5000000000000000                    105642
   4.5099999999999998                    105955
   4.5200000000000005                    106140
   4.5300000000000002                    106381
   4.5400000000000000                    106690
   4.5499999999999998                    106930
   4.5600000000000005                    107208
   4.5700000000000003                    107411
   4.5800000000000001                    107682
   4.5899999999999999                    107889
   4.6000000000000005                    108129
   4.6100000000000003                    108354
   4.6200000000000001                    108585
   4.6299999999999999                    108814
   4.6399999999999997                    109010
   4.6500000000000004                    109281
   4.6600000000000001                    109516
   4.6699999999999999                    109802
   4.6799999999999997                    110011
   4.6900000000000004                    110349
   4.7000000000000002                    110636
   4.7100000000000000                    110961
   4.7199999999999998                    111241
   4.7300000000000004                    111392
   4.7400000000000002                    111715
   4.7500000000000000                    111909
   4.7599999999999998                    112069
   4.7700000000000005                    112294
   4.7800000000000002                    112539
   4.7900000000000000                    112830
   4.7999999999999998                    113082
   4.8100000000000005                    113322
   4.8200000000000003                    113494
   4.8300000000000001                    113674
   4.8399999999999999                    113920
   4.8500000000000005                    114145
   4.8600000000000003                    114323
   4.8700000000000001                    114546
   4.8799999999999999                    114726
   4.8899999999999997                    114939
   4.9000000000000004                    115178
   4.9100000000000001                    115426
   4.9199999999999999                    115629
   4.9299999999999997                    115856
   4.9400000000000004                    116058
   4.9500000000000002                    116268
   4.9600000000000000                    116489
   4.9699999999999998                    116717
   4.9800000000000004                    116971
   4.9900000000000002                    117226
   5.0000000000000000                    117545
   5.0099999999999998                    117723
   5.0200000000000005                    117923
   5.0300000000000002                    118180
   5.0400000000000000                    118385
   5.0499999999999998                    118500
   5.0600000000000005                    118734
   5.0700000000000003                    118889
   5.0800000000000001                    119089
   5.0899999999999999                    119245
   5.1000000000000005                    119436
   5.1100000000000003                    119628
   5.1200000000000001                    119782
   5.1299999999999999                    119949
   5.1399999999999997                    120129
   5.1500000000000004                    120318
   5.1600000000000001                    120510
   5.1699999999999999                    120722
   5.1799999999999997                    120908
   5.1900000000000004                    121019
   5.2000000000000002                    121229
   5.2100000000000000                    121406
   5.2199999999999998                    121592
   5.2300000000000004                    121806
   5.2400000000000002                    121969
   5.2500000000000000                    122185
   5.2599999999999998                    122335
   5.2700000000000005                    122490
   5.2800000000000002                    122643
   5.2900000000000000                    122857
   5.2999999999999998                    122989
   5.3100000000000005                    123165
   5.3200000000000003                    123313
   5.3300000000000001                    123566
   5.3399999999999999                    123732
   5.3500000000000005                    123836
   5.3600000000000003                    123970
   5.3700000000000001                    124130
   5.3799999999999999                    124324
   5.3899999999999997                    124464
   5.4000000000000004                    124708
   5.4100000000000001                    124943
   5.4199999999999999                    125098
   5.4299999999999997                    125297
   5.4400000000000004                    125447
   5.4500000000000002                    125547
   5.4600000000000000                    125718
   5.4699999999999998                    125836
   5.4800000000000004                    126011
   5.4900000000000002                    126127
   5.5000000000000000                    126261
   5.5099999999999998                    126417
   5.5200000000000005                    126633
   5.5300000000000002                    126764
   5.5400000000000000                    126857
   5.5499999999999998                    127034
   5.5600000000000005                    127244
   5.5700000000000003                    127368
   5.5800000000000001                    127521
   5.5899999999999999                    127644
   5.6000000000000005                    127754
   5.6100000000000003                    127863
   5.6200000000000001                    128024
   5.6299999999999999                    128163
   5.6399999999999997                    128342
   5.6500000000000004                    128504
   5.6600000000000001                    128656
   5.6699999999999999                    128723
   5.6799999999999997                    128871
   5.6900000000000004                    128965
   5.7000000000000002                    129088
   5.7100000000000000                    129267
   5.7199999999999998                    129352
   5.7300000000000004                    129487
   5.7400000000000002                    129624
   5.7500000000000000                    129741
   5.7599999999999998                    129830
   5.7700000000000005                    129965
   5.7800000000000002                    130076
   5.7900000000000000                    130167
   5.7999999999999998                    130249
   5.8100000000000005                    130358
   5.8200000000000003                    130484
   5.8300000000000001                    130521
   5.8399999999999999                    130626
   5.8500000000000005                    130658
   5.8600000000000003                    130756
   5.8700000000000001                    130859
   5.8799999999999999                    130917
   5.8899999999999997                    130980
   5.9000000000000004                    131098
   5.9100000000000001                    131184
   5.9199999999999999                    131242
   5.9299999999999997                    131337
   5.9400000000000004                    131446
   5.9500000000000002                    131576
   5.9600000000000000                    131617
   5.9699999999999998                    131630
   5.9800000000000004                    131684
   5.9900000000000002                    131711
   6.0000000000000000                    131801
   6.0099999999999998                    131878
   6.0200000000000005                    131935
   6.0300000000000002                    132011
   6.0400000000000000                    132096
   6.0499999999999998                    132126
   6.0600000000000005                    132197
   6.0700000000000003                    132271
   6.0800000000000001                    132342
   6.0899999999999999                    132392
   6.1000000000000005                    132498
   6.1100000000000003                    132519
   6.1200000000000001                    132507
   6.1299999999999999                    132584
   6.1400000000000006                    132669
   6.1500000000000004                    132689
   6.1600000000000001                    132820
   6.1699999999999999                    132847
   6.1799999999999997                    132945
   6.1900000000000004                    133051
   6.2000000000000002                    133142
   6.2100000000000000                    133206
   6.2199999999999998                    133277
   6.2300000000000004                    133294
   6.2400000000000002                    133343
   6.2500000000000000                    133376
   6.2599999999999998                    133415
   6.2700000000000005                    133473
   6.2800000000000002                    133522
   6.2900000000000000                    133535
   6.2999999999999998                    133472
   6.3100000000000005                    133501
   6.3200000000000003                    133539
   6.3300000000000001                    133541
   6.3399999999999999                    133532
   6.3500000000000005                    133526
   6.3600000000000003                    133551
   6.3700000000000001                    133521
   6.3799999999999999                    133551
   6.3900000000000006                    133528
   6.4000000000000004                    133473
   6.4100000000000001                    133420
   6.4199999999999999                    133378
   6.4299999999999997                    133396
   6.4400000000000004                    133435
   6.4500000000000002                    133457
   6.4600000000000000                    133436
   6.4699999999999998                    133485
   6.4800000000000004                    133505
   6.4900000000000002                    133484
   6.5000000000000000                    133446
   6.5099999999999998                    133410
   6.5200000000000005                    133408
   6.5300000000000002                    133434
   6.5400000000000000                    133399
   6.5499999999999998                    133344
   6.5600000000000005                    133359
   6.5700000000000003                    133290
   6.5800000000000001                    133197
   6.5899999999999999                    133176
   6.6000000000000005                    133146
   6.6100000000000003                    133086
   6.6200000000000001                    132962
   6.6299999999999999                    132951
   6.6400000000000006                    132967
   6.6500000000000004                    132954
   6.6600000000000001                    132846
   6.6699999999999999                    132813
   6.6799999999999997                    132753
   6.6900000000000004                    132695
   6.7000000000000002                    132599
   6.7100000000000000                    132482
   6.7199999999999998                    132413
   6.7300000000000004                    132324
   6.7400000000000002                    132239
   6.7500000000000000                    132167
   6.7599999999999998                    132117
   6.7700000000000005                    132094
   6.7800000000000002                    132110
   6.7900000000000000                    132006
   6.7999999999999998                    132031
   6.8100000000000005                    131976
   6.8200000000000003                    131838
   6.8300000000000001                    131806
   6.8399999999999999                    131754
   6.8500000000000005                    131676
   6.8600000000000003                    131561
   6.8700000000000001                    131508
   6.8799999999999999                    131471
   6.8900000000000006                    131342
   6.9000000000000004                    131208
   6.9100000000000001                    131137
   6.9199999999999999                    130998
   6.9299999999999997                    130964
   6.9400000000000004                    130883
   6.9500000000000002                    130711
   6.9600000000000000                    130616
   6.9699999999999998                    130530
   6.9800000000000004                    130373
   6.9900000000000002                    130276
   7.0000000000000000                    130171
   7.0099999999999998                    130060
   7.0200000000000005                    129966
   7.0300000000000002                    129876
   7.0400000000000000                    129796
   7.0499999999999998                    129744
   7.0600000000000005                    129697
   7.0700000000000003                    129628
   7.0800000000000001                    129571
   7.0899999999999999                    129413
   7.1000000000000005                    129299
   7.1100000000000003                    129185
   7.1200000000000001                    129059
   7.1299999999999999                    128964
   7.1400000000000006                    128781
   7.1500000000000004                    128626
   7.1600000000000001                    128517
   7.1699999999999999                    128418
   7.1799999999999997                    128294
   7.1900000000000004                    128173
   7.2000000000000002                    128003
   7.2100000000000000                    127828
   7.2199999999999998                    127678
   7.2300000000000004                    127548
   7.2400000000000002                    127416
   7.2500000000000000                    127291
   7.2599999999999998                    127159
   7.2700000000000005                    126969
   7.2800000000000002                    126884
   7.2900000000000000                    126739
   7.2999999999999998                    126613
   7.3100000000000005                    126470
   7.3200000000000003                    126298
   7.3300000000000001                    126207
   7.3399999999999999                    126084
   7.3500000000000005                    125913
   7.3600000000000003                    125700
   7.3700000000000001                    125560
   7.3799999999999999                    125434
   7.3900000000000006                    125200
   7.4000000000000004                    125058
   7.4100000000000001                    124886
   7.4199999999999999                    124735
   7.4299999999999997                    124557
   7.4400000000000004                    124376
   7.4500000000000002                    124168
   7.4600000000000000                    124010
   7.4699999999999998                    123890
   7.4800000000000004                    123664
   7.4900000000000002                    123440
   7.5000000000000000                    123315
   7.5099999999999998                    123151
   7.5200000000000005                    123000
   7.5300000000000002                    122828
   7.5400000000000000                    122675
   7.5499999999999998                    122516
   7.5600000000000005                    122365
   7.5700000000000003                    122188
   7.5800000000000001                    121999
   7.5899999999999999                    121811
   7.6000000000000005                    121668
   7.6100000000000003                    121459
   7.6200000000000001                    121242
   7.6299999999999999                    121043
   7.6400000000000006                    120923
   7.6500000000000004                    120729
   7.6600000000000001                    120533
   7.6699999999999999                    120353
   7.6799999999999997                    120127
   7.6900000000000004                    119954
   7.7000000000000002                    119761
   7.7100000000000000                    119571
   7.7199999999999998                    119347
   7.7300000000000004                    119119
   7.7400000000000002                    118929
   7.7500000000000000                    118715
   7.7599999999999998                    118546
   7.7700000000000005                    118358
   7.7800000000000002                    118175
   7.7900000000000000                    117957
   7.7999999999999998                    117734
   7.8100000000000005                    117568
   7.8200000000000003                    117331
   7.8300000000000001                    117131
   7.8399999999999999                    116911
   7.8500000000000005                    116727
   7.8600000000000003                    116509
   7.8700000000000001                    116291
   7.8799999999999999                    116142
   7.8900000000000006                    115909
   7.9000000000000004                    115697
   7.9100000000000001                    115475
   7.9199999999999999                    115245
   7.9300000000000006                    115109
   7.9400000000000004                    114894
   7.9500000000000002                    114660
   7.9600000000000000                    114470
   7.9699999999999998                    114229
   7.9800000000000004                    114046
   7.9900000000000002                    113870
   8.0000000000000000                    113646
   8.0099999999999998                    113442
   8.0199999999999996                    113177
   8.0299999999999994                    113008
   8.0400000000000009                    112737
   8.0500000000000007                    112459
   8.0600000000000005                    112253
   8.0700000000000003                    112020
   8.0800000000000001                    111774
   8.0899999999999999                    111566
   8.0999999999999996                    111307
   8.1099999999999994                    111114
   8.1200000000000010                    110921
   8.1300000000000008                    110717
   8.1400000000000006                    110503
   8.1500000000000004                    110256
   8.1600000000000001                    110008
   8.1699999999999999                    109787
   8.1799999999999997                    109572
   8.1899999999999995                    109324
   8.1999999999999993                    109105
   8.2100000000000009                    108869
   8.2200000000000006                    108609
   8.2300000000000004                    108390
   8.2400000000000002                    108166
   8.2500000000000000                    107899
   8.2599999999999998                    107634
   8.2699999999999996                    107373
   8.2799999999999994                    107098
   8.2900000000000009                    106863
   8.3000000000000007                    106655
   8.3100000000000005                    106447
   8.3200000000000003                    106193
   8.3300000000000001                    105965
   8.3399999999999999                    105678
   8.3499999999999996                    105481
   8.3599999999999994                    105193
   8.3700000000000010                    104972
   8.3800000000000008                    104746
   8.3900000000000006                    104504
   8.4000000000000004                    104300
   8.4100000000000001                    103996
   8.4199999999999999                    103751
   8.4299999999999997                    103496
   8.4399999999999995                    103236
   8.4499999999999993                    103000
   8.4600000000000009                    102750
   8.4700000000000006                    102495
   8.4800000000000004                    102278
   8.4900000000000002                    102048
   8.5000000000000000                    101780
   8.5099999999999998                    101547
   8.5199999999999996                    101326
   8.5299999999999994                    101115
   8.5400000000000009                    100845
   8.5500000000000007                    100555
   8.5600000000000005                    100305
   8.5700000000000003                    100067
   8.5800000000000001                     99767
   8.5899999999999999                     99506
   8.5999999999999996                     99272
   8.6099999999999994                     98986
   8.6200000000000010                     98804
   8.6300000000000008                     98584
   8.6400000000000006                     98338
   8.6500000000000004                     98077
   8.6600000000000001                     97790
   8.6699999999999999                     97574
   8.6799999999999997                     97384
   8.6899999999999995                     97111
   8.7000000000000011                     96846
   8.7100000000000009                     96633
   8.7200000000000006                     96348
   8.7300000000000004                     96056
   8.7400000000000002                     95809
   8.7500000000000000                     95540
   8.7599999999999998                     95335
   8.7699999999999996                     95068
   8.7799999999999994                     94806
   8.7900000000000009                     94569
   8.8000000000000007                     94332
   8.8100000000000005                     94100
   8.8200000000000003                     93858
   8.8300000000000001                     93607
   8.8399999999999999                     93368
   8.8499999999999996                     93075
   8.8599999999999994                     92814
   8.8700000000000010                     92579
   8.8800000000000008                     92295
   8.8900000000000006                     92004
   8.9000000000000004                     91810
   8.9100000000000001                     91558
   8.9199999999999999                     91302
   8.9299999999999997                     91052
   8.9399999999999995                     90793
   8.9500000000000011                     90514
   8.9600000000000009                     90295
   8.9700000000000006                     90096
   8.9800000000000004                     89812
   8.9900000000000002                     89595
   9.0000000000000000                     89359
   9.0099999999999998                     89085
   9.0199999999999996                     88876
   9.0299999999999994                     88577
   9.0400000000000009                     88297
   9.0500000000000007                     88056
   9.0600000000000005                     87808
   9.0700000000000003                     87550
   9.0800000000000001                     87249
   9.0899999999999999                     86996
   9.0999999999999996                     86771
   9.1099999999999994                     86491
   9.1200000000000010                     86221
   9.1300000000000008                     85936
   9.1400000000000006                     85692
   9.1500000000000004                     85441
   9.1600000000000001                     85130
   9.1699999999999999                     84844
   9.1799999999999997                     84599
   9.1899999999999995                     84357
   9.2000000000000011                     84079
   9.2100000000000009                     83835
   9.2200000000000006                     83554
   9.2300000000000004                     83359
   9.2400000000000002                     83109
   9.2500000000000000                     82833
   9.2599999999999998                     82588
   9.2699999999999996                     82345
   9.2799999999999994                     82078
   9.2900000000000009                     81858
   9.3000000000000007                     81604
   9.3100000000000005                     81377
   9.3200000000000003                     81199
   9.3300000000000001                     80936
   9.3399999999999999                     80668
   9.3499999999999996                     80431
   9.3599999999999994                     80187
   9.3700000000000010                     79949
   9.3800000000000008                     79691
   9.3900000000000006                     79417
   9.4000000000000004                     79204
   9.4100000000000001                     78950
   9.4199999999999999                     78735
   9.4299999999999997                     78517
   9.4399999999999995                     78274
   9.4500000000000011                     78041
   9.4600000000000009                     77797
   9.4700000000000006                     77566
   9.4800000000000004                     77307
   9.4900000000000002                     77029
   9.5000000000000000                     76770
   9.5099999999999998                     76564
   9.5199999999999996                     76288
   9.5299999999999994                     76060
   9.5400000000000009                     75809
   9.5500000000000007                     75551
   9.5600000000000005                     75314
   9.5700000000000003                     75075
   9.5800000000000001                     74853
   9.5899999999999999                     74640
   9.5999999999999996                     74422
   9.6099999999999994                     74211
   9.6200000000000010                     73986
   9.6300000000000008                     73763
   9.6400000000000006                     73515
   9.6500000000000004                     73261
   9.6600000000000001                     73040
   9.6699999999999999                     72838
   9.6799999999999997                     72613
   9.6899999999999995                     72381
   9.7000000000000011                     72182
   9.7100000000000009                     71942
   9.7200000000000006                     71729
   9.7300000000000004                     71481
   9.7400000000000002                     71177
   9.7500000000000000                     70957
   9.7599999999999998                     70707
   9.7699999999999996                     70449
   9.7799999999999994                     70236
   9.7900000000000009                     70002
   9.8000000000000007                     69783
   9.8100000000000005                     69559
   9.8200000000000003                     69308
   9.8300000000000001                     69065
   9.8399999999999999                     68841
   9.8499999999999996                     68603
   9.8599999999999994                     68377
   9.8700000000000010                     68105
   9.8800000000000008                     67870
   9.8900000000000006                     67642
   9.9000000000000004                     67422
   9.9100000000000001                     67187
   9.9199999999999999                     66953
   9.9299999999999997                     66736
   9.9399999999999995                     66460
   9.9500000000000011                     66254
   9.9600000000000009                     66035
   9.9700000000000006                     65826
   9.9800000000000004                     65643
   9.9900000000000002                     65432
   10.000000000000000                     65225
