   0.0000000000000000                         0
   1.0000000000000000E-002                  189
   2.0000000000000000E-002                  401
   2.9999999999999999E-002                  605
   4.0000000000000001E-002                  833
   5.0000000000000003E-002                 1028
   5.9999999999999998E-002                 1244
   7.0000000000000007E-002                 1415
   8.0000000000000002E-002                 1630
   8.9999999999999997E-002                 1817
  0.10000000000000001                      2032
  0.11000000000000000                      2228
  0.12000000000000000                      2421
  0.13000000000000000                      2601
  0.14000000000000001                      2807
  0.14999999999999999                      2994
  0.16000000000000000                      3193
  0.17000000000000001                      3391
  0.17999999999999999                      3584
  0.19000000000000000                      3799
  0.20000000000000001                      3989
  0.20999999999999999                      4187
  0.22000000000000000                      4374
  0.23000000000000001                      4600
  0.23999999999999999                      4819
  0.25000000000000000                      5016
  0.26000000000000001                      5211
  0.27000000000000002                      5409
  0.28000000000000003                      5601
  0.28999999999999998                      5801
  0.29999999999999999                      6010
  0.31000000000000000                      6232
  0.32000000000000001                      6428
  0.33000000000000002                      6638
  0.34000000000000002                      6844
  0.35000000000000003                      7064
  0.35999999999999999                      7299
  0.37000000000000000                      7492
  0.38000000000000000                      7695
  0.39000000000000001                      7897
  0.40000000000000002                      8105
  0.41000000000000003                      8286
  0.41999999999999998                      8506
  0.42999999999999999                      8720
  0.44000000000000000                      8920
  0.45000000000000001                      9125
  0.46000000000000002                      9332
  0.47000000000000003                      9527
  0.47999999999999998                      9746
  0.48999999999999999                      9932
  0.50000000000000000                     10117
  0.51000000000000001                     10282
  0.52000000000000002                     10506
  0.53000000000000003                     10703
  0.54000000000000004                     10923
  0.55000000000000004                     11123
  0.56000000000000005                     11304
  0.57000000000000006                     11497
  0.57999999999999996                     11704
  0.58999999999999997                     11883
  0.59999999999999998                     12087
  0.60999999999999999                     12290
  0.62000000000000000                     12485
  0.63000000000000000                     12669
  0.64000000000000001                     12865
  0.65000000000000002                     13053
  0.66000000000000003                     13282
  0.67000000000000004                     13486
  0.68000000000000005                     13688
  0.69000000000000006                     13857
  0.70000000000000007                     14052
  0.70999999999999996                     14288
  0.71999999999999997                     14482
  0.72999999999999998                     14710
  0.73999999999999999                     14932
  0.75000000000000000                     15155
  0.76000000000000001                     15368
  0.77000000000000002                     15584
  0.78000000000000003                     15797
  0.79000000000000004                     15996
  0.80000000000000004                     16235
  0.81000000000000005                     16450
  0.82000000000000006                     16674
  0.83000000000000007                     16895
  0.83999999999999997                     17125
  0.84999999999999998                     17297
  0.85999999999999999                     17496
  0.87000000000000000                     17703
  0.88000000000000000                     17919
  0.89000000000000001                     18149
  0.90000000000000002                     18379
  0.91000000000000003                     18593
  0.92000000000000004                     18799
  0.93000000000000005                     19029
  0.94000000000000006                     19211
  0.95000000000000007                     19406
  0.95999999999999996                     19605
  0.96999999999999997                     19787
  0.97999999999999998                     19998
  0.98999999999999999                     20212
   1.0000000000000000                     20429
   1.0100000000000000                     20638
   1.0200000000000000                     20850
   1.0300000000000000                     21064
   1.0400000000000000                     21268
   1.0500000000000000                     21465
   1.0600000000000001                     21642
   1.0700000000000001                     21854
   1.0800000000000001                     22045
   1.0900000000000001                     22240
   1.1000000000000001                     22441
   1.1100000000000001                     22705
   1.1200000000000001                     22887
   1.1300000000000001                     23087
   1.1400000000000001                     23276
   1.1500000000000001                     23497
   1.1599999999999999                     23748
   1.1699999999999999                     23942
   1.1799999999999999                     24174
   1.1899999999999999                     24400
   1.2000000000000000                     24594
   1.2100000000000000                     24781
   1.2200000000000000                     25017
   1.2300000000000000                     25250
   1.2400000000000000                     25474
   1.2500000000000000                     25722
   1.2600000000000000                     25919
   1.2700000000000000                     26156
   1.2800000000000000                     26357
   1.2900000000000000                     26575
   1.3000000000000000                     26811
   1.3100000000000001                     27027
   1.3200000000000001                     27220
   1.3300000000000001                     27454
   1.3400000000000001                     27646
   1.3500000000000001                     27893
   1.3600000000000001                     28070
   1.3700000000000001                     28294
   1.3800000000000001                     28502
   1.3900000000000001                     28700
   1.4000000000000001                     28920
   1.4099999999999999                     29153
   1.4199999999999999                     29371
   1.4299999999999999                     29584
   1.4399999999999999                     29826
   1.4500000000000000                     30050
   1.4600000000000000                     30257
   1.4700000000000000                     30459
   1.4800000000000000                     30677
   1.4900000000000000                     30925
   1.5000000000000000                     31118
   1.5100000000000000                     31364
   1.5200000000000000                     31594
   1.5300000000000000                     31767
   1.5400000000000000                     31993
   1.5500000000000000                     32199
   1.5600000000000001                     32368
   1.5700000000000001                     32584
   1.5800000000000001                     32779
   1.5900000000000001                     33008
   1.6000000000000001                     33265
   1.6100000000000001                     33492
   1.6200000000000001                     33740
   1.6300000000000001                     33923
   1.6400000000000001                     34149
   1.6500000000000001                     34326
   1.6600000000000001                     34550
   1.6699999999999999                     34718
   1.6799999999999999                     34911
   1.6899999999999999                     35124
   1.7000000000000000                     35335
   1.7100000000000000                     35543
   1.7200000000000000                     35784
   1.7300000000000000                     35979
   1.7400000000000000                     36221
   1.7500000000000000                     36402
   1.7600000000000000                     36645
   1.7700000000000000                     36846
   1.7800000000000000                     37085
   1.7900000000000000                     37318
   1.8000000000000000                     37552
   1.8100000000000001                     37814
   1.8200000000000001                     38014
   1.8300000000000001                     38276
   1.8400000000000001                     38543
   1.8500000000000001                     38754
   1.8600000000000001                     39017
   1.8700000000000001                     39223
   1.8800000000000001                     39469
   1.8900000000000001                     39721
   1.9000000000000001                     39942
   1.9100000000000001                     40182
   1.9199999999999999                     40394
   1.9299999999999999                     40619
   1.9399999999999999                     40871
   1.9500000000000000                     41104
   1.9600000000000000                     41299
   1.9700000000000000                     41489
   1.9800000000000000                     41732
   1.9900000000000000                     41936
   2.0000000000000000                     42180
   2.0100000000000002                     42415
   2.0200000000000000                     42620
   2.0300000000000002                     42890
   2.0400000000000000                     43104
   2.0499999999999998                     43300
   2.0600000000000001                     43543
   2.0699999999999998                     43800
   2.0800000000000001                     44036
   2.0899999999999999                     44242
   2.1000000000000001                     44470
   2.1099999999999999                     44699
   2.1200000000000001                     44926
   2.1299999999999999                     45170
   2.1400000000000001                     45340
   2.1499999999999999                     45579
   2.1600000000000001                     45810
   2.1699999999999999                     46020
   2.1800000000000002                     46285
   2.1899999999999999                     46563
   2.2000000000000002                     46811
   2.2100000000000000                     47029
   2.2200000000000002                     47280
   2.2300000000000000                     47505
   2.2400000000000002                     47723
   2.2500000000000000                     47952
   2.2600000000000002                     48134
   2.2700000000000000                     48384
   2.2800000000000002                     48592
   2.2900000000000000                     48747
   2.3000000000000003                     48931
   2.3100000000000001                     49169
   2.3199999999999998                     49362
   2.3300000000000001                     49576
   2.3399999999999999                     49798
   2.3500000000000001                     50032
   2.3599999999999999                     50304
   2.3700000000000001                     50562
   2.3799999999999999                     50810
   2.3900000000000001                     51032
   2.3999999999999999                     51298
   2.4100000000000001                     51550
   2.4199999999999999                     51796
   2.4300000000000002                     52026
   2.4399999999999999                     52285
   2.4500000000000002                     52532
   2.4600000000000000                     52805
   2.4700000000000002                     53057
   2.4800000000000000                     53241
   2.4900000000000002                     53464
   2.5000000000000000                     53710
   2.5100000000000002                     53971
   2.5200000000000000                     54285
   2.5300000000000002                     54530
   2.5400000000000000                     54762
   2.5500000000000003                     55061
   2.5600000000000001                     55308
   2.5699999999999998                     55560
   2.5800000000000001                     55745
   2.5899999999999999                     56024
   2.6000000000000001                     56273
   2.6099999999999999                     56526
   2.6200000000000001                     56771
   2.6299999999999999                     57048
   2.6400000000000001                     57295
   2.6499999999999999                     57577
   2.6600000000000001                     57835
   2.6699999999999999                     58062
   2.6800000000000002                     58256
   2.6899999999999999                     58478
   2.7000000000000002                     58727
   2.7100000000000000                     59056
   2.7200000000000002                     59255
   2.7300000000000000                     59462
   2.7400000000000002                     59727
   2.7500000000000000                     60028
   2.7600000000000002                     60272
   2.7700000000000000                     60517
   2.7800000000000002                     60775
   2.7900000000000000                     61047
   2.8000000000000003                     61325
   2.8100000000000001                     61556
   2.8199999999999998                     61808
   2.8300000000000001                     62167
   2.8399999999999999                     62441
   2.8500000000000001                     62685
   2.8599999999999999                     62958
   2.8700000000000001                     63223
   2.8799999999999999                     63465
   2.8900000000000001                     63703
   2.8999999999999999                     64003
   2.9100000000000001                     64260
   2.9199999999999999                     64530
   2.9300000000000002                     64816
   2.9399999999999999                     65090
   2.9500000000000002                     65325
   2.9600000000000000                     65579
   2.9700000000000002                     65824
   2.9800000000000000                     66042
   2.9900000000000002                     66295
   3.0000000000000000                     66531
   3.0100000000000002                     66851
   3.0200000000000000                     67043
   3.0300000000000002                     67311
   3.0400000000000000                     67617
   3.0500000000000003                     67955
   3.0600000000000001                     68178
   3.0700000000000003                     68451
   3.0800000000000001                     68725
   3.0899999999999999                     68995
   3.1000000000000001                     69253
   3.1099999999999999                     69505
   3.1200000000000001                     69793
   3.1299999999999999                     70037
   3.1400000000000001                     70255
   3.1499999999999999                     70542
   3.1600000000000001                     70781
   3.1699999999999999                     71047
   3.1800000000000002                     71317
   3.1899999999999999                     71619
   3.2000000000000002                     71960
   3.2100000000000000                     72217
   3.2200000000000002                     72485
   3.2300000000000000                     72776
   3.2400000000000002                     72976
   3.2500000000000000                     73292
   3.2600000000000002                     73625
   3.2700000000000000                     73860
   3.2800000000000002                     74173
   3.2900000000000000                     74466
   3.3000000000000003                     74676
   3.3100000000000001                     74895
   3.3200000000000003                     75126
   3.3300000000000001                     75427
   3.3399999999999999                     75680
   3.3500000000000001                     75958
   3.3599999999999999                     76195
   3.3700000000000001                     76520
   3.3799999999999999                     76751
   3.3900000000000001                     77024
   3.3999999999999999                     77371
   3.4100000000000001                     77600
   3.4199999999999999                     77861
   3.4300000000000002                     78181
   3.4399999999999999                     78493
   3.4500000000000002                     78797
   3.4600000000000000                     79078
   3.4700000000000002                     79337
   3.4800000000000000                     79579
   3.4900000000000002                     79832
   3.5000000000000000                     80132
   3.5100000000000002                     80374
   3.5200000000000000                     80660
   3.5300000000000002                     80940
   3.5400000000000000                     81184
   3.5500000000000003                     81442
   3.5600000000000001                     81689
   3.5700000000000003                     81931
   3.5800000000000001                     82194
   3.5899999999999999                     82434
   3.6000000000000001                     82699
   3.6099999999999999                     82914
   3.6200000000000001                     83180
   3.6299999999999999                     83485
   3.6400000000000001                     83731
   3.6499999999999999                     84002
   3.6600000000000001                     84265
   3.6699999999999999                     84494
   3.6800000000000002                     84771
   3.6899999999999999                     85124
   3.7000000000000002                     85420
   3.7100000000000000                     85718
   3.7200000000000002                     85951
   3.7300000000000000                     86286
   3.7400000000000002                     86505
   3.7500000000000000                     86787
   3.7600000000000002                     87137
   3.7700000000000000                     87402
   3.7800000000000002                     87609
   3.7900000000000000                     87844
   3.8000000000000003                     88145
   3.8100000000000001                     88497
   3.8200000000000003                     88739
   3.8300000000000001                     89035
   3.8399999999999999                     89315
   3.8500000000000001                     89582
   3.8599999999999999                     89789
   3.8700000000000001                     90107
   3.8799999999999999                     90396
   3.8900000000000001                     90653
   3.8999999999999999                     91009
   3.9100000000000001                     91249
   3.9199999999999999                     91499
   3.9300000000000002                     91824
   3.9399999999999999                     92124
   3.9500000000000002                     92378
   3.9600000000000000                     92637
   3.9700000000000002                     92915
   3.9800000000000000                     93159
   3.9900000000000002                     93426
   4.0000000000000000                     93707
   4.0099999999999998                     93930
   4.0200000000000005                     94197
   4.0300000000000002                     94458
   4.0400000000000000                     94745
   4.0499999999999998                     95041
   4.0600000000000005                     95318
   4.0700000000000003                     95576
   4.0800000000000001                     95851
   4.0899999999999999                     96121
   4.0999999999999996                     96461
   4.1100000000000003                     96658
   4.1200000000000001                     96878
   4.1299999999999999                     97127
   4.1399999999999997                     97453
   4.1500000000000004                     97736
   4.1600000000000001                     98049
   4.1699999999999999                     98364
   4.1799999999999997                     98615
   4.1900000000000004                     98799
   4.2000000000000002                     99110
   4.2100000000000000                     99384
   4.2199999999999998                     99639
   4.2300000000000004                     99915
   4.2400000000000002                    100130
   4.2500000000000000                    100349
   4.2599999999999998                    100671
   4.2700000000000005                    100941
   4.2800000000000002                    101201
   4.2900000000000000                    101444
   4.2999999999999998                    101706
   4.3100000000000005                    101897
   4.3200000000000003                    102126
   4.3300000000000001                    102474
   4.3399999999999999                    102758
   4.3500000000000005                    103017
   4.3600000000000003                    103310
   4.3700000000000001                    103592
   4.3799999999999999                    103872
   4.3899999999999997                    104117
   4.4000000000000004                    104378
   4.4100000000000001                    104607
   4.4199999999999999                    104927
   4.4299999999999997                    105204
   4.4400000000000004                    105474
   4.4500000000000002                    105723
   4.4600000000000000                    106021
   4.4699999999999998                    106271
   4.4800000000000004                    106550
   4.4900000000000002                    106847
   4.5000000000000000                    107070
   4.5099999999999998                    107346
   4.5200000000000005                    107647
   4.5300000000000002                    107876
   4.5400000000000000                    108173
   4.5499999999999998                    108418
   4.5600000000000005                    108683
   4.5700000000000003                    108909
   4.5800000000000001                    109149
   4.5899999999999999                    109374
   4.6000000000000005                    109672
   4.6100000000000003                    109907
   4.6200000000000001                    110090
   4.6299999999999999                    110319
   4.6399999999999997                    110569
   4.6500000000000004                    110830
   4.6600000000000001                    111028
   4.6699999999999999                    111246
   4.6799999999999997                    111425
   4.6900000000000004                    111678
   4.7000000000000002                    111900
   4.7100000000000000                    112092
   4.7199999999999998                    112316
   4.7300000000000004                    112573
   4.7400000000000002                    112742
   4.7500000000000000                    112935
   4.7599999999999998                    113146
   4.7700000000000005                    113390
   4.7800000000000002                    113602
   4.7900000000000000                    113868
   4.7999999999999998                    114120
   4.8100000000000005                    114295
   4.8200000000000003                    114584
   4.8300000000000001                    114865
   4.8399999999999999                    115063
   4.8500000000000005                    115265
   4.8600000000000003                    115446
   4.8700000000000001                    115646
   4.8799999999999999                    115869
   4.8899999999999997                    116034
   4.9000000000000004                    116236
   4.9100000000000001                    116406
   4.9199999999999999                    116631
   4.9299999999999997                    116827
   4.9400000000000004                    117024
   4.9500000000000002                    117253
   4.9600000000000000                    117438
   4.9699999999999998                    117590
   4.9800000000000004                    117766
   4.9900000000000002                    117966
   5.0000000000000000                    118137
   5.0099999999999998                    118323
   5.0200000000000005                    118551
   5.0300000000000002                    118757
   5.0400000000000000                    118945
   5.0499999999999998                    119136
   5.0600000000000005                    119333
   5.0700000000000003                    119566
   5.0800000000000001                    119726
   5.0899999999999999                    119932
   5.1000000000000005                    120083
   5.1100000000000003                    120195
   5.1200000000000001                    120363
   5.1299999999999999                    120580
   5.1399999999999997                    120738
   5.1500000000000004                    120911
   5.1600000000000001                    121072
   5.1699999999999999                    121245
   5.1799999999999997                    121421
   5.1900000000000004                    121593
   5.2000000000000002                    121706
   5.2100000000000000                    121889
   5.2199999999999998                    122133
   5.2300000000000004                    122351
   5.2400000000000002                    122451
   5.2500000000000000                    122726
   5.2599999999999998                    122947
   5.2700000000000005                    123122
   5.2800000000000002                    123287
   5.2900000000000000                    123510
   5.2999999999999998                    123710
   5.3100000000000005                    123887
   5.3200000000000003                    124064
   5.3300000000000001                    124205
   5.3399999999999999                    124349
   5.3500000000000005                    124496
   5.3600000000000003                    124640
   5.3700000000000001                    124728
   5.3799999999999999                    124835
   5.3899999999999997                    124934
   5.4000000000000004                    125094
   5.4100000000000001                    125269
   5.4199999999999999                    125393
   5.4299999999999997                    125583
   5.4400000000000004                    125754
   5.4500000000000002                    125916
   5.4600000000000000                    126036
   5.4699999999999998                    126185
   5.4800000000000004                    126263
   5.4900000000000002                    126414
   5.5000000000000000                    126551
   5.5099999999999998                    126715
   5.5200000000000005                    126883
   5.5300000000000002                    126980
   5.5400000000000000                    127091
   5.5499999999999998                    127183
   5.5600000000000005                    127305
   5.5700000000000003                    127440
   5.5800000000000001                    127568
   5.5899999999999999                    127750
   5.6000000000000005                    127853
   5.6100000000000003                    127985
   5.6200000000000001                    128101
   5.6299999999999999                    128281
   5.6399999999999997                    128403
   5.6500000000000004                    128525
   5.6600000000000001                    128663
   5.6699999999999999                    128782
   5.6799999999999997                    128877
   5.6900000000000004                    128944
   5.7000000000000002                    129069
   5.7100000000000000                    129193
   5.7199999999999998                    129317
   5.7300000000000004                    129396
   5.7400000000000002                    129546
   5.7500000000000000                    129610
   5.7599999999999998                    129740
   5.7700000000000005                    129840
   5.7800000000000002                    129971
   5.7900000000000000                    130032
   5.7999999999999998                    130198
   5.8100000000000005                    130257
   5.8200000000000003                    130360
   5.8300000000000001                    130430
   5.8399999999999999                    130494
   5.8500000000000005                    130582
   5.8600000000000003                    130653
   5.8700000000000001                    130727
   5.8799999999999999                    130799
   5.8899999999999997                    130856
   5.9000000000000004                    131034
   5.9100000000000001                    131129
   5.9199999999999999                    131130
   5.9299999999999997                    131262
   5.9400000000000004                    131344
   5.9500000000000002                    131415
   5.9600000000000000                    131519
   5.9699999999999998                    131645
   5.9800000000000004                    131725
   5.9900000000000002                    131827
   6.0000000000000000                    131873
   6.0099999999999998                    131840
   6.0200000000000005                    131863
   6.0300000000000002                    131882
   6.0400000000000000                    131918
   6.0499999999999998                    131935
   6.0600000000000005                    131968
   6.0700000000000003                    132045
   6.0800000000000001                    132063
   6.0899999999999999                    132128
   6.1000000000000005                    132159
   6.1100000000000003                    132228
   6.1200000000000001                    132260
   6.1299999999999999                    132327
   6.1400000000000006                    132432
   6.1500000000000004                    132432
   6.1600000000000001                    132505
   6.1699999999999999                    132589
   6.1799999999999997                    132675
   6.1900000000000004                    132703
   6.2000000000000002                    132682
   6.2100000000000000                    132732
   6.2199999999999998                    132715
   6.2300000000000004                    132723
   6.2400000000000002                    132743
   6.2500000000000000                    132716
   6.2599999999999998                    132697
   6.2700000000000005                    132692
   6.2800000000000002                    132690
   6.2900000000000000                    132698
   6.2999999999999998                    132756
   6.3100000000000005                    132786
   6.3200000000000003                    132786
   6.3300000000000001                    132800
   6.3399999999999999                    132745
   6.3500000000000005                    132776
   6.3600000000000003                    132796
   6.3700000000000001                    132818
   6.3799999999999999                    132826
   6.3900000000000006                    132749
   6.4000000000000004                    132753
   6.4100000000000001                    132754
   6.4199999999999999                    132697
   6.4299999999999997                    132687
   6.4400000000000004                    132682
   6.4500000000000002                    132691
   6.4600000000000000                    132682
   6.4699999999999998                    132688
   6.4800000000000004                    132729
   6.4900000000000002                    132684
   6.5000000000000000                    132684
   6.5099999999999998                    132665
   6.5200000000000005                    132638
   6.5300000000000002                    132691
   6.5400000000000000                    132778
   6.5499999999999998                    132816
   6.5600000000000005                    132817
   6.5700000000000003                    132805
   6.5800000000000001                    132733
   6.5899999999999999                    132767
   6.6000000000000005                    132723
   6.6100000000000003                    132656
   6.6200000000000001                    132592
   6.6299999999999999                    132572
   6.6400000000000006                    132523
   6.6500000000000004                    132438
   6.6600000000000001                    132384
   6.6699999999999999                    132337
   6.6799999999999997                    132205
   6.6900000000000004                    132155
   6.7000000000000002                    132094
   6.7100000000000000                    132071
   6.7199999999999998                    131975
   6.7300000000000004                    131935
   6.7400000000000002                    131806
   6.7500000000000000                    131756
   6.7599999999999998                    131692
   6.7700000000000005                    131694
   6.7800000000000002                    131649
   6.7900000000000000                    131635
   6.7999999999999998                    131582
   6.8100000000000005                    131450
   6.8200000000000003                    131359
   6.8300000000000001                    131284
   6.8399999999999999                    131179
   6.8500000000000005                    131082
   6.8600000000000003                    130961
   6.8700000000000001                    130859
   6.8799999999999999                    130762
   6.8900000000000006                    130743
   6.9000000000000004                    130625
   6.9100000000000001                    130457
   6.9199999999999999                    130406
   6.9299999999999997                    130260
   6.9400000000000004                    130148
   6.9500000000000002                    129996
   6.9600000000000000                    129929
   6.9699999999999998                    129879
   6.9800000000000004                    129726
   6.9900000000000002                    129631
   7.0000000000000000                    129556
   7.0099999999999998                    129433
   7.0200000000000005                    129348
   7.0300000000000002                    129239
   7.0400000000000000                    129127
   7.0499999999999998                    129030
   7.0600000000000005                    128855
   7.0700000000000003                    128741
   7.0800000000000001                    128603
   7.0899999999999999                    128480
   7.1000000000000005                    128350
   7.1100000000000003                    128250
   7.1200000000000001                    128181
   7.1299999999999999                    128085
   7.1400000000000006                    127953
   7.1500000000000004                    127797
   7.1600000000000001                    127703
   7.1699999999999999                    127664
   7.1799999999999997                    127537
   7.1900000000000004                    127419
   7.2000000000000002                    127265
   7.2100000000000000                    127134
   7.2199999999999998                    126944
   7.2300000000000004                    126824
   7.2400000000000002                    126718
   7.2500000000000000                    126524
   7.2599999999999998                    126362
   7.2700000000000005                    126248
   7.2800000000000002                    126128
   7.2900000000000000                    125964
   7.2999999999999998                    125893
   7.3100000000000005                    125758
   7.3200000000000003                    125551
   7.3300000000000001                    125414
   7.3399999999999999                    125243
   7.3500000000000005                    125074
   7.3600000000000003                    124929
   7.3700000000000001                    124687
   7.3799999999999999                    124493
   7.3900000000000006                    124299
   7.4000000000000004                    124123
   7.4100000000000001                    123996
   7.4199999999999999                    123805
   7.4299999999999997                    123642
   7.4400000000000004                    123415
   7.4500000000000002                    123211
   7.4600000000000000                    123046
   7.4699999999999998                    122854
   7.4800000000000004                    122712
   7.4900000000000002                    122602
   7.5000000000000000                    122482
   7.5099999999999998                    122320
   7.5200000000000005                    122122
   7.5300000000000002                    122030
   7.5400000000000000                    121885
   7.5499999999999998                    121678
   7.5600000000000005                    121440
   7.5700000000000003                    121305
   7.5800000000000001                    121092
   7.5899999999999999                    120917
   7.6000000000000005                    120789
   7.6100000000000003                    120659
   7.6200000000000001                    120485
   7.6299999999999999                    120256
   7.6400000000000006                    120052
   7.6500000000000004                    119884
   7.6600000000000001                    119662
   7.6699999999999999                    119460
   7.6799999999999997                    119306
   7.6900000000000004                    119045
   7.7000000000000002                    118908
   7.7100000000000000                    118683
   7.7199999999999998                    118496
   7.7300000000000004                    118270
   7.7400000000000002                    118050
   7.7500000000000000                    117867
   7.7599999999999998                    117657
   7.7700000000000005                    117458
   7.7800000000000002                    117270
   7.7900000000000000                    117074
   7.7999999999999998                    116904
   7.8100000000000005                    116680
   7.8200000000000003                    116515
   7.8300000000000001                    116324
   7.8399999999999999                    116132
   7.8500000000000005                    115869
   7.8600000000000003                    115662
   7.8700000000000001                    115451
   7.8799999999999999                    115276
   7.8900000000000006                    115075
   7.9000000000000004                    114872
   7.9100000000000001                    114681
   7.9199999999999999                    114449
   7.9300000000000006                    114231
   7.9400000000000004                    114058
   7.9500000000000002                    113835
   7.9600000000000000                    113635
   7.9699999999999998                    113436
   7.9800000000000004                    113224
   7.9900000000000002                    112969
   8.0000000000000000                    112735
   8.0099999999999998                    112534
   8.0199999999999996                    112319
   8.0299999999999994                    112165
   8.0400000000000009                    111924
   8.0500000000000007                    111731
   8.0600000000000005                    111462
   8.0700000000000003                    111261
   8.0800000000000001                    111092
   8.0899999999999999                    110800
   8.0999999999999996                    110564
   8.1099999999999994                    110353
   8.1200000000000010                    110104
   8.1300000000000008                    109920
   8.1400000000000006                    109646
   8.1500000000000004                    109402
   8.1600000000000001                    109160
   8.1699999999999999                    108938
   8.1799999999999997                    108704
   8.1899999999999995                    108463
   8.1999999999999993                    108244
   8.2100000000000009                    108014
   8.2200000000000006                    107782
   8.2300000000000004                    107546
   8.2400000000000002                    107309
   8.2500000000000000                    107051
   8.2599999999999998                    106793
   8.2699999999999996                    106534
   8.2799999999999994                    106220
   8.2900000000000009                    106034
   8.3000000000000007                    105768
   8.3100000000000005                    105526
   8.3200000000000003                    105298
   8.3300000000000001                    105066
   8.3399999999999999                    104851
   8.3499999999999996                    104660
   8.3599999999999994                    104361
   8.3700000000000010                    104103
   8.3800000000000008                    103871
   8.3900000000000006                    103673
   8.4000000000000004                    103482
   8.4100000000000001                    103249
   8.4199999999999999                    103001
   8.4299999999999997                    102764
   8.4399999999999995                    102482
   8.4499999999999993                    102229
   8.4600000000000009                    101975
   8.4700000000000006                    101689
   8.4800000000000004                    101455
   8.4900000000000002                    101173
   8.5000000000000000                    100909
   8.5099999999999998                    100654
   8.5199999999999996                    100403
   8.5299999999999994                    100187
   8.5400000000000009                     99953
   8.5500000000000007                     99716
   8.5600000000000005                     99464
   8.5700000000000003                     99250
   8.5800000000000001                     99018
   8.5899999999999999                     98763
   8.5999999999999996                     98520
   8.6099999999999994                     98264
   8.6200000000000010                     98004
   8.6300000000000008                     97713
   8.6400000000000006                     97457
   8.6500000000000004                     97207
   8.6600000000000001                     96915
   8.6699999999999999                     96700
   8.6799999999999997                     96419
   8.6899999999999995                     96139
   8.7000000000000011                     95885
   8.7100000000000009                     95651
   8.7200000000000006                     95415
   8.7300000000000004                     95132
   8.7400000000000002                     94873
   8.7500000000000000                     94635
   8.7599999999999998                     94376
   8.7699999999999996                     94127
   8.7799999999999994                     93906
   8.7900000000000009                     93616
   8.8000000000000007                     93365
   8.8100000000000005                     93192
   8.8200000000000003                     92909
   8.8300000000000001                     92635
   8.8399999999999999                     92390
   8.8499999999999996                     92138
   8.8599999999999994                     91909
   8.8700000000000010                     91656
   8.8800000000000008                     91432
   8.8900000000000006                     91214
   8.9000000000000004                     90923
   8.9100000000000001                     90643
   8.9199999999999999                     90412
   8.9299999999999997                     90101
   8.9399999999999995                     89876
   8.9500000000000011                     89665
   8.9600000000000009                     89351
   8.9700000000000006                     89117
   8.9800000000000004                     88842
   8.9900000000000002                     88657
   9.0000000000000000                     88428
   9.0099999999999998                     88158
   9.0199999999999996                     87927
   9.0299999999999994                     87692
   9.0400000000000009                     87424
   9.0500000000000007                     87222
   9.0600000000000005                     87007
   9.0700000000000003                     86735
   9.0800000000000001                     86517
   9.0899999999999999                     86258
   9.0999999999999996                     86004
   9.1099999999999994                     85762
   9.1200000000000010                     85535
   9.1300000000000008                     85271
   9.1400000000000006                     85028
   9.1500000000000004                     84796
   9.1600000000000001                     84555
   9.1699999999999999                     84284
   9.1799999999999997                     84042
   9.1899999999999995                     83816
   9.2000000000000011                     83553
   9.2100000000000009                     83249
   9.2200000000000006                     83005
   9.2300000000000004                     82794
   9.2400000000000002                     82533
   9.2500000000000000                     82224
   9.2599999999999998                     81977
   9.2699999999999996                     81739
   9.2799999999999994                     81504
   9.2900000000000009                     81223
   9.3000000000000007                     80972
   9.3100000000000005                     80736
   9.3200000000000003                     80468
   9.3300000000000001                     80195
   9.3399999999999999                     79981
   9.3499999999999996                     79722
   9.3599999999999994                     79487
   9.3700000000000010                     79274
   9.3800000000000008                     79071
   9.3900000000000006                     78814
   9.4000000000000004                     78600
   9.4100000000000001                     78365
   9.4199999999999999                     78144
   9.4299999999999997                     77898
   9.4399999999999995                     77649
   9.4500000000000011                     77392
   9.4600000000000009                     77147
   9.4700000000000006                     76904
   9.4800000000000004                     76667
   9.4900000000000002                     76443
   9.5000000000000000                     76212
   9.5099999999999998                     75953
   9.5199999999999996                     75685
   9.5299999999999994                     75445
   9.5400000000000009                     75207
   9.5500000000000007                     75001
   9.5600000000000005                     74752
   9.5700000000000003                     74511
   9.5800000000000001                     74253
   9.5899999999999999                     74024
   9.5999999999999996                     73755
   9.6099999999999994                     73512
   9.6200000000000010                     73290
   9.6300000000000008                     73075
   9.6400000000000006                     72834
   9.6500000000000004                     72609
   9.6600000000000001                     72349
   9.6699999999999999                     72082
   9.6799999999999997                     71855
   9.6899999999999995                     71589
   9.7000000000000011                     71368
   9.7100000000000009                     71115
   9.7200000000000006                     70843
   9.7300000000000004                     70611
   9.7400000000000002                     70402
   9.7500000000000000                     70196
   9.7599999999999998                     69980
   9.7699999999999996                     69735
   9.7799999999999994                     69487
   9.7900000000000009                     69263
   9.8000000000000007                     69009
   9.8100000000000005                     68718
   9.8200000000000003                     68514
   9.8300000000000001                     68292
   9.8399999999999999                     68093
   9.8499999999999996                     67836
   9.8599999999999994                     67631
   9.8700000000000010                     67374
   9.8800000000000008                     67133
   9.8900000000000006                     66907
   9.9000000000000004                     66724
   9.9100000000000001                     66463
   9.9199999999999999                     66240
   9.9299999999999997                     66023
   9.9399999999999995                     65764
   9.9500000000000011                     65508
   9.9600000000000009                     65302
   9.9700000000000006                     65095
   9.9800000000000004                     64870
   9.9900000000000002                     64612
   10.000000000000000                     64374
