   0.0000000000000000                         0
   1.0000000000000000E-002                  218
   2.0000000000000000E-002                  432
   2.9999999999999999E-002                  629
   4.0000000000000001E-002                  805
   5.0000000000000003E-002                  965
   5.9999999999999998E-002                 1156
   7.0000000000000007E-002                 1355
   8.0000000000000002E-002                 1584
   8.9999999999999997E-002                 1792
  0.10000000000000001                      1998
  0.11000000000000000                      2182
  0.12000000000000000                      2374
  0.13000000000000000                      2548
  0.14000000000000001                      2722
  0.14999999999999999                      2927
  0.16000000000000000                      3125
  0.17000000000000001                      3339
  0.17999999999999999                      3519
  0.19000000000000000                      3735
  0.20000000000000001                      3918
  0.20999999999999999                      4107
  0.22000000000000000                      4306
  0.23000000000000001                      4508
  0.23999999999999999                      4715
  0.25000000000000000                      4907
  0.26000000000000001                      5094
  0.27000000000000002                      5294
  0.28000000000000003                      5532
  0.28999999999999998                      5769
  0.29999999999999999                      5961
  0.31000000000000000                      6178
  0.32000000000000001                      6377
  0.33000000000000002                      6572
  0.34000000000000002                      6749
  0.35000000000000003                      6951
  0.35999999999999999                      7138
  0.37000000000000000                      7341
  0.38000000000000000                      7519
  0.39000000000000001                      7721
  0.40000000000000002                      7924
  0.41000000000000003                      8131
  0.41999999999999998                      8304
  0.42999999999999999                      8508
  0.44000000000000000                      8718
  0.45000000000000001                      8940
  0.46000000000000002                      9139
  0.47000000000000003                      9362
  0.47999999999999998                      9564
  0.48999999999999999                      9762
  0.50000000000000000                      9931
  0.51000000000000001                     10121
  0.52000000000000002                     10318
  0.53000000000000003                     10512
  0.54000000000000004                     10725
  0.55000000000000004                     10908
  0.56000000000000005                     11098
  0.57000000000000006                     11292
  0.57999999999999996                     11522
  0.58999999999999997                     11714
  0.59999999999999998                     11928
  0.60999999999999999                     12111
  0.62000000000000000                     12293
  0.63000000000000000                     12492
  0.64000000000000001                     12668
  0.65000000000000002                     12839
  0.66000000000000003                     13052
  0.67000000000000004                     13254
  0.68000000000000005                     13458
  0.69000000000000006                     13689
  0.70000000000000007                     13875
  0.70999999999999996                     14102
  0.71999999999999997                     14250
  0.72999999999999998                     14382
  0.73999999999999999                     14571
  0.75000000000000000                     14777
  0.76000000000000001                     14969
  0.77000000000000002                     15119
  0.78000000000000003                     15280
  0.79000000000000004                     15443
  0.80000000000000004                     15644
  0.81000000000000005                     15809
  0.82000000000000006                     15979
  0.83000000000000007                     16144
  0.83999999999999997                     16315
  0.84999999999999998                     16475
  0.85999999999999999                     16659
  0.87000000000000000                     16882
  0.88000000000000000                     17084
  0.89000000000000001                     17288
  0.90000000000000002                     17480
  0.91000000000000003                     17665
  0.92000000000000004                     17853
  0.93000000000000005                     18053
  0.94000000000000006                     18257
  0.95000000000000007                     18442
  0.95999999999999996                     18622
  0.96999999999999997                     18824
  0.97999999999999998                     19023
  0.98999999999999999                     19188
   1.0000000000000000                     19351
   1.0100000000000000                     19530
   1.0200000000000000                     19721
   1.0300000000000000                     19905
   1.0400000000000000                     20065
   1.0500000000000000                     20244
   1.0600000000000001                     20417
   1.0700000000000001                     20600
   1.0800000000000001                     20751
   1.0900000000000001                     20971
   1.1000000000000001                     21140
   1.1100000000000001                     21332
   1.1200000000000001                     21546
   1.1300000000000001                     21710
   1.1400000000000001                     21912
   1.1500000000000001                     22130
   1.1599999999999999                     22330
   1.1699999999999999                     22495
   1.1799999999999999                     22700
   1.1899999999999999                     22895
   1.2000000000000000                     23096
   1.2100000000000000                     23291
   1.2200000000000000                     23497
   1.2300000000000000                     23676
   1.2400000000000000                     23848
   1.2500000000000000                     24061
   1.2600000000000000                     24229
   1.2700000000000000                     24412
   1.2800000000000000                     24602
   1.2900000000000000                     24812
   1.3000000000000000                     24953
   1.3100000000000001                     25163
   1.3200000000000001                     25378
   1.3300000000000001                     25583
   1.3400000000000001                     25771
   1.3500000000000001                     25979
   1.3600000000000001                     26144
   1.3700000000000001                     26323
   1.3800000000000001                     26536
   1.3900000000000001                     26732
   1.4000000000000001                     26918
   1.4099999999999999                     27117
   1.4199999999999999                     27354
   1.4299999999999999                     27553
   1.4399999999999999                     27761
   1.4500000000000000                     27971
   1.4600000000000000                     28158
   1.4700000000000000                     28345
   1.4800000000000000                     28585
   1.4900000000000000                     28766
   1.5000000000000000                     29003
   1.5100000000000000                     29227
   1.5200000000000000                     29445
   1.5300000000000000                     29645
   1.5400000000000000                     29869
   1.5500000000000000                     30060
   1.5600000000000001                     30290
   1.5700000000000001                     30484
   1.5800000000000001                     30706
   1.5900000000000001                     30904
   1.6000000000000001                     31122
   1.6100000000000001                     31296
   1.6200000000000001                     31487
   1.6300000000000001                     31708
   1.6400000000000001                     31891
   1.6500000000000001                     32106
   1.6600000000000001                     32331
   1.6699999999999999                     32566
   1.6799999999999999                     32772
   1.6899999999999999                     33024
   1.7000000000000000                     33251
   1.7100000000000000                     33452
   1.7200000000000000                     33668
   1.7300000000000000                     33888
   1.7400000000000000                     34124
   1.7500000000000000                     34318
   1.7600000000000000                     34517
   1.7700000000000000                     34730
   1.7800000000000000                     34924
   1.7900000000000000                     35150
   1.8000000000000000                     35395
   1.8100000000000001                     35595
   1.8200000000000001                     35827
   1.8300000000000001                     36046
   1.8400000000000001                     36256
   1.8500000000000001                     36452
   1.8600000000000001                     36666
   1.8700000000000001                     36910
   1.8800000000000001                     37092
   1.8900000000000001                     37293
   1.9000000000000001                     37499
   1.9100000000000001                     37685
   1.9199999999999999                     37922
   1.9299999999999999                     38058
   1.9399999999999999                     38300
   1.9500000000000000                     38526
   1.9600000000000000                     38739
   1.9700000000000000                     38951
   1.9800000000000000                     39186
   1.9900000000000000                     39373
   2.0000000000000000                     39622
   2.0100000000000002                     39823
   2.0200000000000000                     40039
   2.0300000000000002                     40227
   2.0400000000000000                     40477
   2.0499999999999998                     40677
   2.0600000000000001                     40908
   2.0699999999999998                     41173
   2.0800000000000001                     41419
   2.0899999999999999                     41602
   2.1000000000000001                     41785
   2.1099999999999999                     42041
   2.1200000000000001                     42250
   2.1299999999999999                     42515
   2.1400000000000001                     42752
   2.1499999999999999                     42914
   2.1600000000000001                     43182
   2.1699999999999999                     43431
   2.1800000000000002                     43650
   2.1899999999999999                     43905
   2.2000000000000002                     44135
   2.2100000000000000                     44380
   2.2200000000000002                     44594
   2.2300000000000000                     44851
   2.2400000000000002                     45106
   2.2500000000000000                     45340
   2.2600000000000002                     45594
   2.2700000000000000                     45821
   2.2800000000000002                     46016
   2.2900000000000000                     46196
   2.3000000000000003                     46417
   2.3100000000000001                     46648
   2.3199999999999998                     46886
   2.3300000000000001                     47120
   2.3399999999999999                     47361
   2.3500000000000001                     47594
   2.3599999999999999                     47876
   2.3700000000000001                     48103
   2.3799999999999999                     48374
   2.3900000000000001                     48672
   2.3999999999999999                     48893
   2.4100000000000001                     49122
   2.4199999999999999                     49340
   2.4300000000000002                     49569
   2.4399999999999999                     49785
   2.4500000000000002                     49989
   2.4600000000000000                     50209
   2.4700000000000002                     50418
   2.4800000000000000                     50650
   2.4900000000000002                     50843
   2.5000000000000000                     51090
   2.5100000000000002                     51319
   2.5200000000000000                     51547
   2.5300000000000002                     51753
   2.5400000000000000                     51994
   2.5500000000000003                     52248
   2.5600000000000001                     52482
   2.5699999999999998                     52716
   2.5800000000000001                     52978
   2.5899999999999999                     53246
   2.6000000000000001                     53534
   2.6099999999999999                     53763
   2.6200000000000001                     54019
   2.6299999999999999                     54257
   2.6400000000000001                     54501
   2.6499999999999999                     54742
   2.6600000000000001                     55009
   2.6699999999999999                     55249
   2.6800000000000002                     55520
   2.6899999999999999                     55813
   2.7000000000000002                     56094
   2.7100000000000000                     56345
   2.7200000000000002                     56626
   2.7300000000000000                     56902
   2.7400000000000002                     57199
   2.7500000000000000                     57499
   2.7600000000000002                     57748
   2.7700000000000000                     58061
   2.7800000000000002                     58308
   2.7900000000000000                     58544
   2.8000000000000003                     58774
   2.8100000000000001                     59014
   2.8199999999999998                     59256
   2.8300000000000001                     59540
   2.8399999999999999                     59825
   2.8500000000000001                     60087
   2.8599999999999999                     60354
   2.8700000000000001                     60562
   2.8799999999999999                     60824
   2.8900000000000001                     61103
   2.8999999999999999                     61380
   2.9100000000000001                     61694
   2.9199999999999999                     61966
   2.9300000000000002                     62231
   2.9399999999999999                     62466
   2.9500000000000002                     62725
   2.9600000000000000                     62987
   2.9700000000000002                     63179
   2.9800000000000000                     63445
   2.9900000000000002                     63759
   3.0000000000000000                     64040
   3.0100000000000002                     64339
   3.0200000000000000                     64562
   3.0300000000000002                     64857
   3.0400000000000000                     65179
   3.0500000000000003                     65439
   3.0600000000000001                     65686
   3.0700000000000003                     65982
   3.0800000000000001                     66188
   3.0899999999999999                     66416
   3.1000000000000001                     66678
   3.1099999999999999                     66933
   3.1200000000000001                     67182
   3.1299999999999999                     67479
   3.1400000000000001                     67745
   3.1499999999999999                     67999
   3.1600000000000001                     68257
   3.1699999999999999                     68545
   3.1800000000000002                     68824
   3.1899999999999999                     69106
   3.2000000000000002                     69333
   3.2100000000000000                     69570
   3.2200000000000002                     69828
   3.2300000000000000                     70061
   3.2400000000000002                     70337
   3.2500000000000000                     70630
   3.2600000000000002                     70855
   3.2700000000000000                     71093
   3.2800000000000002                     71403
   3.2900000000000000                     71735
   3.3000000000000003                     72052
   3.3100000000000001                     72321
   3.3200000000000003                     72583
   3.3300000000000001                     72855
   3.3399999999999999                     73165
   3.3500000000000001                     73455
   3.3599999999999999                     73770
   3.3700000000000001                     74062
   3.3799999999999999                     74336
   3.3900000000000001                     74641
   3.3999999999999999                     74944
   3.4100000000000001                     75225
   3.4199999999999999                     75523
   3.4300000000000002                     75801
   3.4399999999999999                     76080
   3.4500000000000002                     76333
   3.4600000000000000                     76586
   3.4700000000000002                     76890
   3.4800000000000000                     77151
   3.4900000000000002                     77428
   3.5000000000000000                     77749
   3.5100000000000002                     77973
   3.5200000000000000                     78270
   3.5300000000000002                     78525
   3.5400000000000000                     78790
   3.5500000000000003                     79108
   3.5600000000000001                     79336
   3.5700000000000003                     79634
   3.5800000000000001                     79899
   3.5899999999999999                     80181
   3.6000000000000001                     80515
   3.6099999999999999                     80791
   3.6200000000000001                     81108
   3.6299999999999999                     81464
   3.6400000000000001                     81750
   3.6499999999999999                     82013
   3.6600000000000001                     82248
   3.6699999999999999                     82593
   3.6800000000000002                     82888
   3.6899999999999999                     83172
   3.7000000000000002                     83415
   3.7100000000000000                     83714
   3.7200000000000002                     83943
   3.7300000000000000                     84296
   3.7400000000000002                     84591
   3.7500000000000000                     84904
   3.7600000000000002                     85155
   3.7700000000000000                     85380
   3.7800000000000002                     85716
   3.7900000000000000                     85995
   3.8000000000000003                     86294
   3.8100000000000001                     86629
   3.8200000000000003                     86918
   3.8300000000000001                     87168
   3.8399999999999999                     87397
   3.8500000000000001                     87685
   3.8599999999999999                     87991
   3.8700000000000001                     88348
   3.8799999999999999                     88584
   3.8900000000000001                     88818
   3.8999999999999999                     89104
   3.9100000000000001                     89428
   3.9199999999999999                     89673
   3.9300000000000002                     89923
   3.9399999999999999                     90215
   3.9500000000000002                     90547
   3.9600000000000000                     90834
   3.9700000000000002                     91095
   3.9800000000000000                     91425
   3.9900000000000002                     91696
   4.0000000000000000                     91926
   4.0099999999999998                     92175
   4.0200000000000005                     92374
   4.0300000000000002                     92627
   4.0400000000000000                     92893
   4.0499999999999998                     93111
   4.0600000000000005                     93431
   4.0700000000000003                     93697
   4.0800000000000001                     93976
   4.0899999999999999                     94264
   4.0999999999999996                     94577
   4.1100000000000003                     94900
   4.1200000000000001                     95168
   4.1299999999999999                     95487
   4.1399999999999997                     95723
   4.1500000000000004                     96006
   4.1600000000000001                     96260
   4.1699999999999999                     96588
   4.1799999999999997                     96841
   4.1900000000000004                     97123
   4.2000000000000002                     97478
   4.2100000000000000                     97750
   4.2199999999999998                     98016
   4.2300000000000004                     98249
   4.2400000000000002                     98592
   4.2500000000000000                     98833
   4.2599999999999998                     99152
   4.2700000000000005                     99445
   4.2800000000000002                     99761
   4.2900000000000000                    100019
   4.2999999999999998                    100298
   4.3100000000000005                    100611
   4.3200000000000003                    100904
   4.3300000000000001                    101133
   4.3399999999999999                    101412
   4.3500000000000005                    101652
   4.3600000000000003                    101877
   4.3700000000000001                    102130
   4.3799999999999999                    102362
   4.3899999999999997                    102641
   4.4000000000000004                    102891
   4.4100000000000001                    103185
   4.4199999999999999                    103411
   4.4299999999999997                    103676
   4.4400000000000004                    103918
   4.4500000000000002                    104197
   4.4600000000000000                    104431
   4.4699999999999998                    104697
   4.4800000000000004                    104920
   4.4900000000000002                    105054
   4.5000000000000000                    105278
   4.5099999999999998                    105613
   4.5200000000000005                    105868
   4.5300000000000002                    106120
   4.5400000000000000                    106341
   4.5499999999999998                    106605
   4.5600000000000005                    106889
   4.5700000000000003                    107162
   4.5800000000000001                    107429
   4.5899999999999999                    107686
   4.6000000000000005                    107924
   4.6100000000000003                    108206
   4.6200000000000001                    108417
   4.6299999999999999                    108623
   4.6399999999999997                    108906
   4.6500000000000004                    109130
   4.6600000000000001                    109351
   4.6699999999999999                    109605
   4.6799999999999997                    109859
   4.6900000000000004                    110077
   4.7000000000000002                    110317
   4.7100000000000000                    110589
   4.7199999999999998                    110837
   4.7300000000000004                    111155
   4.7400000000000002                    111328
   4.7500000000000000                    111511
   4.7599999999999998                    111733
   4.7700000000000005                    111911
   4.7800000000000002                    112146
   4.7900000000000000                    112403
   4.7999999999999998                    112709
   4.8100000000000005                    112975
   4.8200000000000003                    113208
   4.8300000000000001                    113457
   4.8399999999999999                    113651
   4.8500000000000005                    113852
   4.8600000000000003                    114048
   4.8700000000000001                    114313
   4.8799999999999999                    114529
   4.8899999999999997                    114721
   4.9000000000000004                    114963
   4.9100000000000001                    115196
   4.9199999999999999                    115431
   4.9299999999999997                    115657
   4.9400000000000004                    115914
   4.9500000000000002                    116142
   4.9600000000000000                    116350
   4.9699999999999998                    116584
   4.9800000000000004                    116774
   4.9900000000000002                    116994
   5.0000000000000000                    117235
   5.0099999999999998                    117478
   5.0200000000000005                    117726
   5.0300000000000002                    117892
   5.0400000000000000                    118197
   5.0499999999999998                    118460
   5.0600000000000005                    118656
   5.0700000000000003                    118872
   5.0800000000000001                    119042
   5.0899999999999999                    119253
   5.1000000000000005                    119418
   5.1100000000000003                    119642
   5.1200000000000001                    119763
   5.1299999999999999                    119918
   5.1399999999999997                    120108
   5.1500000000000004                    120363
   5.1600000000000001                    120529
   5.1699999999999999                    120697
   5.1799999999999997                    120930
   5.1900000000000004                    121173
   5.2000000000000002                    121434
   5.2100000000000000                    121602
   5.2199999999999998                    121856
   5.2300000000000004                    122096
   5.2400000000000002                    122342
   5.2500000000000000                    122572
   5.2599999999999998                    122779
   5.2700000000000005                    122979
   5.2800000000000002                    123150
   5.2900000000000000                    123394
   5.2999999999999998                    123599
   5.3100000000000005                    123747
   5.3200000000000003                    123919
   5.3300000000000001                    124064
   5.3399999999999999                    124213
   5.3500000000000005                    124359
   5.3600000000000003                    124544
   5.3700000000000001                    124748
   5.3799999999999999                    124953
   5.3899999999999997                    125094
   5.4000000000000004                    125190
   5.4100000000000001                    125382
   5.4199999999999999                    125528
   5.4299999999999997                    125720
   5.4400000000000004                    125863
   5.4500000000000002                    126042
   5.4600000000000000                    126163
   5.4699999999999998                    126404
   5.4800000000000004                    126535
   5.4900000000000002                    126674
   5.5000000000000000                    126883
   5.5099999999999998                    127036
   5.5200000000000005                    127189
   5.5300000000000002                    127322
   5.5400000000000000                    127455
   5.5499999999999998                    127662
   5.5600000000000005                    127759
   5.5700000000000003                    127840
   5.5800000000000001                    127937
   5.5899999999999999                    128071
   5.6000000000000005                    128171
   5.6100000000000003                    128256
   5.6200000000000001                    128332
   5.6299999999999999                    128463
   5.6399999999999997                    128575
   5.6500000000000004                    128768
   5.6600000000000001                    128901
   5.6699999999999999                    129059
   5.6799999999999997                    129199
   5.6900000000000004                    129287
   5.7000000000000002                    129387
   5.7100000000000000                    129525
   5.7199999999999998                    129622
   5.7300000000000004                    129743
   5.7400000000000002                    129892
   5.7500000000000000                    130056
   5.7599999999999998                    130145
   5.7700000000000005                    130229
   5.7800000000000002                    130295
   5.7900000000000000                    130377
   5.7999999999999998                    130489
   5.8100000000000005                    130586
   5.8200000000000003                    130640
   5.8300000000000001                    130705
   5.8399999999999999                    130866
   5.8500000000000005                    130905
   5.8600000000000003                    131019
   5.8700000000000001                    131097
   5.8799999999999999                    131221
   5.8899999999999997                    131266
   5.9000000000000004                    131345
   5.9100000000000001                    131413
   5.9199999999999999                    131546
   5.9299999999999997                    131615
   5.9400000000000004                    131735
   5.9500000000000002                    131747
   5.9600000000000000                    131880
   5.9699999999999998                    131953
   5.9800000000000004                    132017
   5.9900000000000002                    132045
   6.0000000000000000                    132172
   6.0099999999999998                    132272
   6.0200000000000005                    132329
   6.0300000000000002                    132395
   6.0400000000000000                    132425
   6.0499999999999998                    132437
   6.0600000000000005                    132460
   6.0700000000000003                    132505
   6.0800000000000001                    132625
   6.0899999999999999                    132702
   6.1000000000000005                    132677
   6.1100000000000003                    132761
   6.1200000000000001                    132811
   6.1299999999999999                    132865
   6.1400000000000006                    132932
   6.1500000000000004                    133006
   6.1600000000000001                    133050
   6.1699999999999999                    133057
   6.1799999999999997                    133072
   6.1900000000000004                    133206
   6.2000000000000002                    133220
   6.2100000000000000                    133230
   6.2199999999999998                    133326
   6.2300000000000004                    133358
   6.2400000000000002                    133408
   6.2500000000000000                    133490
   6.2599999999999998                    133503
   6.2700000000000005                    133496
   6.2800000000000002                    133504
   6.2900000000000000                    133520
   6.2999999999999998                    133500
   6.3100000000000005                    133509
   6.3200000000000003                    133572
   6.3300000000000001                    133638
   6.3399999999999999                    133639
   6.3500000000000005                    133674
   6.3600000000000003                    133566
   6.3700000000000001                    133558
   6.3799999999999999                    133494
   6.3900000000000006                    133475
   6.4000000000000004                    133447
   6.4100000000000001                    133431
   6.4199999999999999                    133430
   6.4299999999999997                    133468
   6.4400000000000004                    133497
   6.4500000000000002                    133501
   6.4600000000000000                    133511
   6.4699999999999998                    133523
   6.4800000000000004                    133492
   6.4900000000000002                    133500
   6.5000000000000000                    133476
   6.5099999999999998                    133459
   6.5200000000000005                    133446
   6.5300000000000002                    133429
   6.5400000000000000                    133411
   6.5499999999999998                    133392
   6.5600000000000005                    133326
   6.5700000000000003                    133276
   6.5800000000000001                    133255
   6.5899999999999999                    133256
   6.6000000000000005                    133228
   6.6100000000000003                    133160
   6.6200000000000001                    133080
   6.6299999999999999                    133070
   6.6400000000000006                    133042
   6.6500000000000004                    133064
   6.6600000000000001                    133004
   6.6699999999999999                    132940
   6.6799999999999997                    132925
   6.6900000000000004                    132907
   6.7000000000000002                    132859
   6.7100000000000000                    132841
   6.7199999999999998                    132769
   6.7300000000000004                    132781
   6.7400000000000002                    132702
   6.7500000000000000                    132654
   6.7599999999999998                    132570
   6.7700000000000005                    132566
   6.7800000000000002                    132446
   6.7900000000000000                    132386
   6.7999999999999998                    132388
   6.8100000000000005                    132349
   6.8200000000000003                    132236
   6.8300000000000001                    132178
   6.8399999999999999                    132069
   6.8500000000000005                    131980
   6.8600000000000003                    131912
   6.8700000000000001                    131897
   6.8799999999999999                    131835
   6.8900000000000006                    131845
   6.9000000000000004                    131776
   6.9100000000000001                    131691
   6.9199999999999999                    131573
   6.9299999999999997                    131439
   6.9400000000000004                    131346
   6.9500000000000002                    131285
   6.9600000000000000                    131191
   6.9699999999999998                    131120
   6.9800000000000004                    131016
   6.9900000000000002                    130900
   7.0000000000000000                    130770
   7.0099999999999998                    130667
   7.0200000000000005                    130503
   7.0300000000000002                    130367
   7.0400000000000000                    130341
   7.0499999999999998                    130248
   7.0600000000000005                    130187
   7.0700000000000003                    130031
   7.0800000000000001                    129919
   7.0899999999999999                    129768
   7.1000000000000005                    129635
   7.1100000000000003                    129567
   7.1200000000000001                    129395
   7.1299999999999999                    129260
   7.1400000000000006                    129152
   7.1500000000000004                    128982
   7.1600000000000001                    128865
   7.1699999999999999                    128815
   7.1799999999999997                    128687
   7.1900000000000004                    128535
   7.2000000000000002                    128387
   7.2100000000000000                    128249
   7.2199999999999998                    128113
   7.2300000000000004                    127972
   7.2400000000000002                    127816
   7.2500000000000000                    127622
   7.2599999999999998                    127500
   7.2700000000000005                    127404
   7.2800000000000002                    127312
   7.2900000000000000                    127163
   7.2999999999999998                    127017
   7.3100000000000005                    126789
   7.3200000000000003                    126634
   7.3300000000000001                    126530
   7.3399999999999999                    126356
   7.3500000000000005                    126194
   7.3600000000000003                    126001
   7.3700000000000001                    125798
   7.3799999999999999                    125640
   7.3900000000000006                    125479
   7.4000000000000004                    125321
   7.4100000000000001                    125165
   7.4199999999999999                    124979
   7.4299999999999997                    124824
   7.4400000000000004                    124686
   7.4500000000000002                    124608
   7.4600000000000000                    124417
   7.4699999999999998                    124231
   7.4800000000000004                    124095
   7.4900000000000002                    123884
   7.5000000000000000                    123718
   7.5099999999999998                    123526
   7.5200000000000005                    123337
   7.5300000000000002                    123140
   7.5400000000000000                    122984
   7.5499999999999998                    122793
   7.5600000000000005                    122591
   7.5700000000000003                    122382
   7.5800000000000001                    122228
   7.5899999999999999                    122043
   7.6000000000000005                    121814
   7.6100000000000003                    121633
   7.6200000000000001                    121499
   7.6299999999999999                    121332
   7.6400000000000006                    121113
   7.6500000000000004                    120914
   7.6600000000000001                    120695
   7.6699999999999999                    120507
   7.6799999999999997                    120343
   7.6900000000000004                    120136
   7.7000000000000002                    120002
   7.7100000000000000                    119782
   7.7199999999999998                    119574
   7.7300000000000004                    119456
   7.7400000000000002                    119281
   7.7500000000000000                    119065
   7.7599999999999998                    118856
   7.7700000000000005                    118677
   7.7800000000000002                    118481
   7.7900000000000000                    118293
   7.7999999999999998                    118067
   7.8100000000000005                    117864
   7.8200000000000003                    117644
   7.8300000000000001                    117474
   7.8399999999999999                    117248
   7.8500000000000005                    116966
   7.8600000000000003                    116800
   7.8700000000000001                    116605
   7.8799999999999999                    116394
   7.8900000000000006                    116151
   7.9000000000000004                    115939
   7.9100000000000001                    115729
   7.9199999999999999                    115502
   7.9300000000000006                    115324
   7.9400000000000004                    115170
   7.9500000000000002                    114968
   7.9600000000000000                    114779
   7.9699999999999998                    114522
   7.9800000000000004                    114307
   7.9900000000000002                    114075
   8.0000000000000000                    113830
   8.0099999999999998                    113566
   8.0199999999999996                    113329
   8.0299999999999994                    113123
   8.0400000000000009                    112962
   8.0500000000000007                    112692
   8.0600000000000005                    112489
   8.0700000000000003                    112244
   8.0800000000000001                    112063
   8.0899999999999999                    111821
   8.0999999999999996                    111559
   8.1099999999999994                    111321
   8.1200000000000010                    111104
   8.1300000000000008                    110864
   8.1400000000000006                    110658
   8.1500000000000004                    110409
   8.1600000000000001                    110122
   8.1699999999999999                    109847
   8.1799999999999997                    109586
   8.1899999999999995                    109344
   8.1999999999999993                    109061
   8.2100000000000009                    108854
   8.2200000000000006                    108607
   8.2300000000000004                    108305
   8.2400000000000002                    108045
   8.2500000000000000                    107812
   8.2599999999999998                    107568
   8.2699999999999996                    107345
   8.2799999999999994                    107145
   8.2900000000000009                    106926
   8.3000000000000007                    106721
   8.3100000000000005                    106470
   8.3200000000000003                    106236
   8.3300000000000001                    105975
   8.3399999999999999                    105742
   8.3499999999999996                    105518
   8.3599999999999994                    105253
   8.3700000000000010                    105043
   8.3800000000000008                    104757
   8.3900000000000006                    104572
   8.4000000000000004                    104362
   8.4100000000000001                    104118
   8.4199999999999999                    103830
   8.4299999999999997                    103571
   8.4399999999999995                    103337
   8.4499999999999993                    103055
   8.4600000000000009                    102801
   8.4700000000000006                    102590
   8.4800000000000004                    102328
   8.4900000000000002                    102135
   8.5000000000000000                    101950
   8.5099999999999998                    101710
   8.5199999999999996                    101433
   8.5299999999999994                    101114
   8.5400000000000009                    100870
   8.5500000000000007                    100641
   8.5600000000000005                    100373
   8.5700000000000003                    100103
   8.5800000000000001                     99854
   8.5899999999999999                     99632
   8.5999999999999996                     99394
   8.6099999999999994                     99132
   8.6200000000000010                     98901
   8.6300000000000008                     98640
   8.6400000000000006                     98378
   8.6500000000000004                     98053
   8.6600000000000001                     97779
   8.6699999999999999                     97493
   8.6799999999999997                     97235
   8.6899999999999995                     96956
   8.7000000000000011                     96684
   8.7100000000000009                     96418
   8.7200000000000006                     96157
   8.7300000000000004                     95936
   8.7400000000000002                     95741
   8.7500000000000000                     95494
   8.7599999999999998                     95242
   8.7699999999999996                     94995
   8.7799999999999994                     94699
   8.7900000000000009                     94467
   8.8000000000000007                     94206
   8.8100000000000005                     93964
   8.8200000000000003                     93722
   8.8300000000000001                     93493
   8.8399999999999999                     93223
   8.8499999999999996                     92972
   8.8599999999999994                     92756
   8.8700000000000010                     92517
   8.8800000000000008                     92276
   8.8900000000000006                     92014
   8.9000000000000004                     91708
   8.9100000000000001                     91464
   8.9199999999999999                     91190
   8.9299999999999997                     90927
   8.9399999999999995                     90686
   8.9500000000000011                     90492
   8.9600000000000009                     90286
   8.9700000000000006                     90057
   8.9800000000000004                     89807
   8.9900000000000002                     89547
   9.0000000000000000                     89310
   9.0099999999999998                     89060
   9.0199999999999996                     88771
   9.0299999999999994                     88535
   9.0400000000000009                     88272
   9.0500000000000007                     88037
   9.0600000000000005                     87799
   9.0700000000000003                     87562
   9.0800000000000001                     87334
   9.0899999999999999                     87066
   9.0999999999999996                     86820
   9.1099999999999994                     86578
   9.1200000000000010                     86310
   9.1300000000000008                     86029
   9.1400000000000006                     85776
   9.1500000000000004                     85580
   9.1600000000000001                     85317
   9.1699999999999999                     85039
   9.1799999999999997                     84780
   9.1899999999999995                     84528
   9.2000000000000011                     84271
   9.2100000000000009                     84006
   9.2200000000000006                     83750
   9.2300000000000004                     83493
   9.2400000000000002                     83246
   9.2500000000000000                     82949
   9.2599999999999998                     82679
   9.2699999999999996                     82436
   9.2799999999999994                     82193
   9.2900000000000009                     81960
   9.3000000000000007                     81730
   9.3100000000000005                     81510
   9.3200000000000003                     81245
   9.3300000000000001                     81040
   9.3399999999999999                     80806
   9.3499999999999996                     80576
   9.3599999999999994                     80334
   9.3700000000000010                     80080
   9.3800000000000008                     79821
   9.3900000000000006                     79528
   9.4000000000000004                     79290
   9.4100000000000001                     79026
   9.4199999999999999                     78774
   9.4299999999999997                     78544
   9.4399999999999995                     78333
   9.4500000000000011                     78127
   9.4600000000000009                     77880
   9.4700000000000006                     77642
   9.4800000000000004                     77399
   9.4900000000000002                     77150
   9.5000000000000000                     76901
   9.5099999999999998                     76673
   9.5199999999999996                     76437
   9.5299999999999994                     76214
   9.5400000000000009                     75977
   9.5500000000000007                     75708
   9.5600000000000005                     75448
   9.5700000000000003                     75200
   9.5800000000000001                     74994
   9.5899999999999999                     74771
   9.5999999999999996                     74549
   9.6099999999999994                     74308
   9.6200000000000010                     74073
   9.6300000000000008                     73828
   9.6400000000000006                     73618
   9.6500000000000004                     73397
   9.6600000000000001                     73126
   9.6699999999999999                     72905
   9.6799999999999997                     72666
   9.6899999999999995                     72448
   9.7000000000000011                     72213
   9.7100000000000009                     72018
   9.7200000000000006                     71778
   9.7300000000000004                     71520
   9.7400000000000002                     71285
   9.7500000000000000                     71043
   9.7599999999999998                     70798
   9.7699999999999996                     70546
   9.7799999999999994                     70324
   9.7900000000000009                     70094
   9.8000000000000007                     69861
   9.8100000000000005                     69596
   9.8200000000000003                     69344
   9.8300000000000001                     69083
   9.8399999999999999                     68849
   9.8499999999999996                     68631
   9.8599999999999994                     68366
   9.8700000000000010                     68121
   9.8800000000000008                     67864
   9.8900000000000006                     67646
   9.9000000000000004                     67435
   9.9100000000000001                     67215
   9.9199999999999999                     66978
   9.9299999999999997                     66747
   9.9399999999999995                     66512
   9.9500000000000011                     66283
   9.9600000000000009                     66036
   9.9700000000000006                     65806
   9.9800000000000004                     65575
   9.9900000000000002                     65348
   10.000000000000000                     65123
