   0.0000000000000000                         0
   1.0000000000000000E-002                  201
   2.0000000000000000E-002                  400
   2.9999999999999999E-002                  606
   4.0000000000000001E-002                  793
   5.0000000000000003E-002                  986
   5.9999999999999998E-002                 1200
   7.0000000000000007E-002                 1416
   8.0000000000000002E-002                 1615
   8.9999999999999997E-002                 1817
  0.10000000000000001                      1997
  0.11000000000000000                      2200
  0.12000000000000000                      2405
  0.13000000000000000                      2580
  0.14000000000000001                      2805
  0.14999999999999999                      3020
  0.16000000000000000                      3223
  0.17000000000000001                      3471
  0.17999999999999999                      3679
  0.19000000000000000                      3865
  0.20000000000000001                      4052
  0.20999999999999999                      4239
  0.22000000000000000                      4431
  0.23000000000000001                      4626
  0.23999999999999999                      4815
  0.25000000000000000                      5012
  0.26000000000000001                      5214
  0.27000000000000002                      5430
  0.28000000000000003                      5620
  0.28999999999999998                      5821
  0.29999999999999999                      6012
  0.31000000000000000                      6196
  0.32000000000000001                      6387
  0.33000000000000002                      6595
  0.34000000000000002                      6750
  0.35000000000000003                      6954
  0.35999999999999999                      7181
  0.37000000000000000                      7358
  0.38000000000000000                      7577
  0.39000000000000001                      7760
  0.40000000000000002                      7958
  0.41000000000000003                      8143
  0.41999999999999998                      8314
  0.42999999999999999                      8555
  0.44000000000000000                      8736
  0.45000000000000001                      8929
  0.46000000000000002                      9160
  0.47000000000000003                      9372
  0.47999999999999998                      9617
  0.48999999999999999                      9839
  0.50000000000000000                     10082
  0.51000000000000001                     10273
  0.52000000000000002                     10503
  0.53000000000000003                     10695
  0.54000000000000004                     10886
  0.55000000000000004                     11102
  0.56000000000000005                     11284
  0.57000000000000006                     11479
  0.57999999999999996                     11708
  0.58999999999999997                     11928
  0.59999999999999998                     12159
  0.60999999999999999                     12398
  0.62000000000000000                     12581
  0.63000000000000000                     12776
  0.64000000000000001                     12981
  0.65000000000000002                     13184
  0.66000000000000003                     13403
  0.67000000000000004                     13605
  0.68000000000000005                     13828
  0.69000000000000006                     14045
  0.70000000000000007                     14263
  0.70999999999999996                     14491
  0.71999999999999997                     14729
  0.72999999999999998                     14950
  0.73999999999999999                     15175
  0.75000000000000000                     15378
  0.76000000000000001                     15588
  0.77000000000000002                     15804
  0.78000000000000003                     16043
  0.79000000000000004                     16261
  0.80000000000000004                     16493
  0.81000000000000005                     16718
  0.82000000000000006                     16940
  0.83000000000000007                     17145
  0.83999999999999997                     17346
  0.84999999999999998                     17552
  0.85999999999999999                     17776
  0.87000000000000000                     17985
  0.88000000000000000                     18186
  0.89000000000000001                     18412
  0.90000000000000002                     18614
  0.91000000000000003                     18836
  0.92000000000000004                     19070
  0.93000000000000005                     19268
  0.94000000000000006                     19503
  0.95000000000000007                     19743
  0.95999999999999996                     19923
  0.96999999999999997                     20149
  0.97999999999999998                     20336
  0.98999999999999999                     20561
   1.0000000000000000                     20792
   1.0100000000000000                     21030
   1.0200000000000000                     21262
   1.0300000000000000                     21485
   1.0400000000000000                     21717
   1.0500000000000000                     21932
   1.0600000000000001                     22183
   1.0700000000000001                     22390
   1.0800000000000001                     22570
   1.0900000000000001                     22773
   1.1000000000000001                     22995
   1.1100000000000001                     23237
   1.1200000000000001                     23478
   1.1300000000000001                     23698
   1.1400000000000001                     23904
   1.1500000000000001                     24124
   1.1599999999999999                     24314
   1.1699999999999999                     24527
   1.1799999999999999                     24746
   1.1899999999999999                     24975
   1.2000000000000000                     25190
   1.2100000000000000                     25406
   1.2200000000000000                     25565
   1.2300000000000000                     25774
   1.2400000000000000                     25930
   1.2500000000000000                     26146
   1.2600000000000000                     26391
   1.2700000000000000                     26647
   1.2800000000000000                     26857
   1.2900000000000000                     27101
   1.3000000000000000                     27298
   1.3100000000000001                     27514
   1.3200000000000001                     27724
   1.3300000000000001                     27958
   1.3400000000000001                     28181
   1.3500000000000001                     28413
   1.3600000000000001                     28639
   1.3700000000000001                     28873
   1.3800000000000001                     29075
   1.3900000000000001                     29331
   1.4000000000000001                     29552
   1.4099999999999999                     29760
   1.4199999999999999                     29965
   1.4299999999999999                     30177
   1.4399999999999999                     30409
   1.4500000000000000                     30641
   1.4600000000000000                     30887
   1.4700000000000000                     31129
   1.4800000000000000                     31354
   1.4900000000000000                     31584
   1.5000000000000000                     31836
   1.5100000000000000                     32055
   1.5200000000000000                     32316
   1.5300000000000000                     32537
   1.5400000000000000                     32747
   1.5500000000000000                     32989
   1.5600000000000001                     33232
   1.5700000000000001                     33461
   1.5800000000000001                     33669
   1.5900000000000001                     33933
   1.6000000000000001                     34148
   1.6100000000000001                     34380
   1.6200000000000001                     34631
   1.6300000000000001                     34828
   1.6400000000000001                     35072
   1.6500000000000001                     35313
   1.6600000000000001                     35554
   1.6699999999999999                     35813
   1.6799999999999999                     36060
   1.6899999999999999                     36287
   1.7000000000000000                     36576
   1.7100000000000000                     36788
   1.7200000000000000                     37039
   1.7300000000000000                     37260
   1.7400000000000000                     37480
   1.7500000000000000                     37750
   1.7600000000000000                     38023
   1.7700000000000000                     38285
   1.7800000000000000                     38512
   1.7900000000000000                     38728
   1.8000000000000000                     38976
   1.8100000000000001                     39224
   1.8200000000000001                     39476
   1.8300000000000001                     39701
   1.8400000000000001                     39945
   1.8500000000000001                     40185
   1.8600000000000001                     40436
   1.8700000000000001                     40664
   1.8800000000000001                     40981
   1.8900000000000001                     41229
   1.9000000000000001                     41469
   1.9100000000000001                     41759
   1.9199999999999999                     41969
   1.9299999999999999                     42211
   1.9399999999999999                     42412
   1.9500000000000000                     42642
   1.9600000000000000                     42923
   1.9700000000000000                     43185
   1.9800000000000000                     43369
   1.9900000000000000                     43620
   2.0000000000000000                     43858
   2.0100000000000002                     44081
   2.0200000000000000                     44364
   2.0300000000000002                     44591
   2.0400000000000000                     44811
   2.0499999999999998                     45067
   2.0600000000000001                     45322
   2.0699999999999998                     45572
   2.0800000000000001                     45844
   2.0899999999999999                     46107
   2.1000000000000001                     46342
   2.1099999999999999                     46595
   2.1200000000000001                     46834
   2.1299999999999999                     47071
   2.1400000000000001                     47359
   2.1499999999999999                     47647
   2.1600000000000001                     47868
   2.1699999999999999                     48162
   2.1800000000000002                     48431
   2.1899999999999999                     48681
   2.2000000000000002                     48958
   2.2100000000000000                     49222
   2.2200000000000002                     49493
   2.2300000000000000                     49812
   2.2400000000000002                     50084
   2.2500000000000000                     50326
   2.2600000000000002                     50615
   2.2700000000000000                     50898
   2.2800000000000002                     51185
   2.2900000000000000                     51442
   2.3000000000000003                     51696
   2.3100000000000001                     51972
   2.3199999999999998                     52239
   2.3300000000000001                     52495
   2.3399999999999999                     52704
   2.3500000000000001                     52954
   2.3599999999999999                     53246
   2.3700000000000001                     53529
   2.3799999999999999                     53774
   2.3900000000000001                     54021
   2.3999999999999999                     54295
   2.4100000000000001                     54539
   2.4199999999999999                     54829
   2.4300000000000002                     55095
   2.4399999999999999                     55397
   2.4500000000000002                     55673
   2.4600000000000000                     55927
   2.4700000000000002                     56202
   2.4800000000000000                     56476
   2.4900000000000002                     56745
   2.5000000000000000                     57033
   2.5100000000000002                     57311
   2.5200000000000000                     57585
   2.5300000000000002                     57871
   2.5400000000000000                     58107
   2.5500000000000003                     58385
   2.5600000000000001                     58647
   2.5699999999999998                     58899
   2.5800000000000001                     59137
   2.5899999999999999                     59437
   2.6000000000000001                     59736
   2.6099999999999999                     60014
   2.6200000000000001                     60307
   2.6299999999999999                     60530
   2.6400000000000001                     60827
   2.6499999999999999                     61086
   2.6600000000000001                     61362
   2.6699999999999999                     61612
   2.6800000000000002                     61888
   2.6899999999999999                     62194
   2.7000000000000002                     62499
   2.7100000000000000                     62748
   2.7200000000000002                     63024
   2.7300000000000000                     63284
   2.7400000000000002                     63577
   2.7500000000000000                     63843
   2.7600000000000002                     64033
   2.7700000000000000                     64343
   2.7800000000000002                     64599
   2.7900000000000000                     64873
   2.8000000000000003                     65185
   2.8100000000000001                     65461
   2.8199999999999998                     65753
   2.8300000000000001                     66038
   2.8399999999999999                     66326
   2.8500000000000001                     66572
   2.8599999999999999                     66813
   2.8700000000000001                     67093
   2.8799999999999999                     67419
   2.8900000000000001                     67729
   2.8999999999999999                     68032
   2.9100000000000001                     68307
   2.9199999999999999                     68603
   2.9300000000000002                     68884
   2.9399999999999999                     69177
   2.9500000000000002                     69470
   2.9600000000000000                     69721
   2.9700000000000002                     69985
   2.9800000000000000                     70219
   2.9900000000000002                     70476
   3.0000000000000000                     70839
   3.0100000000000002                     71105
   3.0200000000000000                     71420
   3.0300000000000002                     71716
   3.0400000000000000                     72004
   3.0500000000000003                     72306
   3.0600000000000001                     72612
   3.0700000000000003                     72886
   3.0800000000000001                     73238
   3.0899999999999999                     73541
   3.1000000000000001                     73834
   3.1099999999999999                     74137
   3.1200000000000001                     74452
   3.1299999999999999                     74738
   3.1400000000000001                     74999
   3.1499999999999999                     75308
   3.1600000000000001                     75582
   3.1699999999999999                     75833
   3.1800000000000002                     76143
   3.1899999999999999                     76404
   3.2000000000000002                     76722
   3.2100000000000000                     77030
   3.2200000000000002                     77284
   3.2300000000000000                     77589
   3.2400000000000002                     77863
   3.2500000000000000                     78146
   3.2600000000000002                     78426
   3.2700000000000000                     78742
   3.2800000000000002                     79020
   3.2900000000000000                     79375
   3.3000000000000003                     79733
   3.3100000000000001                     80026
   3.3200000000000003                     80304
   3.3300000000000001                     80542
   3.3399999999999999                     80852
   3.3500000000000001                     81139
   3.3599999999999999                     81435
   3.3700000000000001                     81754
   3.3799999999999999                     82029
   3.3900000000000001                     82330
   3.3999999999999999                     82566
   3.4100000000000001                     82856
   3.4199999999999999                     83178
   3.4300000000000002                     83473
   3.4399999999999999                     83781
   3.4500000000000002                     84074
   3.4600000000000000                     84383
   3.4700000000000002                     84646
   3.4800000000000000                     84860
   3.4900000000000002                     85137
   3.5000000000000000                     85405
   3.5100000000000002                     85691
   3.5200000000000000                     85974
   3.5300000000000002                     86331
   3.5400000000000000                     86657
   3.5500000000000003                     86932
   3.5600000000000001                     87180
   3.5700000000000003                     87501
   3.5800000000000001                     87873
   3.5899999999999999                     88157
   3.6000000000000001                     88487
   3.6099999999999999                     88805
   3.6200000000000001                     89095
   3.6299999999999999                     89383
   3.6400000000000001                     89687
   3.6499999999999999                     89999
   3.6600000000000001                     90348
   3.6699999999999999                     90666
   3.6800000000000002                     90923
   3.6899999999999999                     91199
   3.7000000000000002                     91526
   3.7100000000000000                     91819
   3.7200000000000002                     92101
   3.7300000000000000                     92312
   3.7400000000000002                     92587
   3.7500000000000000                     92885
   3.7600000000000002                     93208
   3.7700000000000000                     93454
   3.7800000000000002                     93737
   3.7900000000000000                     94046
   3.8000000000000003                     94356
   3.8100000000000001                     94707
   3.8200000000000003                     94983
   3.8300000000000001                     95279
   3.8399999999999999                     95512
   3.8500000000000001                     95809
   3.8599999999999999                     96102
   3.8700000000000001                     96388
   3.8799999999999999                     96646
   3.8900000000000001                     96911
   3.8999999999999999                     97171
   3.9100000000000001                     97484
   3.9199999999999999                     97748
   3.9300000000000002                     98034
   3.9399999999999999                     98342
   3.9500000000000002                     98575
   3.9600000000000000                     98874
   3.9700000000000002                     99148
   3.9800000000000000                     99374
   3.9900000000000002                     99731
   4.0000000000000000                    100030
   4.0099999999999998                    100367
   4.0200000000000005                    100613
   4.0300000000000002                    100908
   4.0400000000000000                    101122
   4.0499999999999998                    101393
   4.0600000000000005                    101756
   4.0700000000000003                    102003
   4.0800000000000001                    102167
   4.0899999999999999                    102419
   4.0999999999999996                    102737
   4.1100000000000003                    102994
   4.1200000000000001                    103239
   4.1299999999999999                    103569
   4.1399999999999997                    103890
   4.1500000000000004                    104107
   4.1600000000000001                    104354
   4.1699999999999999                    104607
   4.1799999999999997                    104893
   4.1900000000000004                    105130
   4.2000000000000002                    105406
   4.2100000000000000                    105615
   4.2199999999999998                    105890
   4.2300000000000004                    106126
   4.2400000000000002                    106351
   4.2500000000000000                    106630
   4.2599999999999998                    106893
   4.2700000000000005                    107124
   4.2800000000000002                    107442
   4.2900000000000000                    107683
   4.2999999999999998                    107923
   4.3100000000000005                    108197
   4.3200000000000003                    108490
   4.3300000000000001                    108751
   4.3399999999999999                    109020
   4.3500000000000005                    109330
   4.3600000000000003                    109636
   4.3700000000000001                    109926
   4.3799999999999999                    110205
   4.3899999999999997                    110517
   4.4000000000000004                    110785
   4.4100000000000001                    111063
   4.4199999999999999                    111277
   4.4299999999999997                    111498
   4.4400000000000004                    111712
   4.4500000000000002                    111986
   4.4600000000000000                    112222
   4.4699999999999998                    112506
   4.4800000000000004                    112699
   4.4900000000000002                    112927
   4.5000000000000000                    113124
   4.5099999999999998                    113352
   4.5200000000000005                    113583
   4.5300000000000002                    113845
   4.5400000000000000                    114124
   4.5499999999999998                    114333
   4.5600000000000005                    114563
   4.5700000000000003                    114754
   4.5800000000000001                    115007
   4.5899999999999999                    115218
   4.6000000000000005                    115515
   4.6100000000000003                    115656
   4.6200000000000001                    115915
   4.6299999999999999                    116162
   4.6399999999999997                    116405
   4.6500000000000004                    116603
   4.6600000000000001                    116870
   4.6699999999999999                    117112
   4.6799999999999997                    117325
   4.6900000000000004                    117636
   4.7000000000000002                    117898
   4.7100000000000000                    118144
   4.7199999999999998                    118393
   4.7300000000000004                    118586
   4.7400000000000002                    118802
   4.7500000000000000                    118963
   4.7599999999999998                    119189
   4.7700000000000005                    119390
   4.7800000000000002                    119560
   4.7900000000000000                    119852
   4.7999999999999998                    120084
   4.8100000000000005                    120351
   4.8200000000000003                    120531
   4.8300000000000001                    120784
   4.8399999999999999                    120974
   4.8500000000000005                    121281
   4.8600000000000003                    121554
   4.8700000000000001                    121724
   4.8799999999999999                    121856
   4.8899999999999997                    122112
   4.9000000000000004                    122335
   4.9100000000000001                    122509
   4.9199999999999999                    122674
   4.9299999999999997                    122874
   4.9400000000000004                    123088
   4.9500000000000002                    123370
   4.9600000000000000                    123613
   4.9699999999999998                    123748
   4.9800000000000004                    123962
   4.9900000000000002                    124153
   5.0000000000000000                    124430
   5.0099999999999998                    124606
   5.0200000000000005                    124839
   5.0300000000000002                    125031
   5.0400000000000000                    125286
   5.0499999999999998                    125519
   5.0600000000000005                    125675
   5.0700000000000003                    125781
   5.0800000000000001                    125985
   5.0899999999999999                    126169
   5.1000000000000005                    126332
   5.1100000000000003                    126547
   5.1200000000000001                    126734
   5.1299999999999999                    127017
   5.1399999999999997                    127107
   5.1500000000000004                    127287
   5.1600000000000001                    127439
   5.1699999999999999                    127581
   5.1799999999999997                    127809
   5.1900000000000004                    127968
   5.2000000000000002                    128060
   5.2100000000000000                    128220
   5.2199999999999998                    128463
   5.2300000000000004                    128683
   5.2400000000000002                    128874
   5.2500000000000000                    129068
   5.2599999999999998                    129201
   5.2700000000000005                    129395
   5.2800000000000002                    129532
   5.2900000000000000                    129641
   5.2999999999999998                    129780
   5.3100000000000005                    129955
   5.3200000000000003                    130117
   5.3300000000000001                    130283
   5.3399999999999999                    130425
   5.3500000000000005                    130587
   5.3600000000000003                    130705
   5.3700000000000001                    130828
   5.3799999999999999                    130990
   5.3899999999999997                    131098
   5.4000000000000004                    131251
   5.4100000000000001                    131391
   5.4199999999999999                    131433
   5.4299999999999997                    131520
   5.4400000000000004                    131643
   5.4500000000000002                    131722
   5.4600000000000000                    131871
   5.4699999999999998                    132002
   5.4800000000000004                    132138
   5.4900000000000002                    132270
   5.5000000000000000                    132362
   5.5099999999999998                    132392
   5.5200000000000005                    132485
   5.5300000000000002                    132604
   5.5400000000000000                    132751
   5.5499999999999998                    132883
   5.5600000000000005                    133025
   5.5700000000000003                    133133
   5.5800000000000001                    133196
   5.5899999999999999                    133327
   5.6000000000000005                    133442
   5.6100000000000003                    133514
   5.6200000000000001                    133623
   5.6299999999999999                    133713
   5.6399999999999997                    133819
   5.6500000000000004                    133957
   5.6600000000000001                    134064
   5.6699999999999999                    134227
   5.6799999999999997                    134342
   5.6900000000000004                    134409
   5.7000000000000002                    134525
   5.7100000000000000                    134617
   5.7199999999999998                    134684
   5.7300000000000004                    134723
   5.7400000000000002                    134812
   5.7500000000000000                    134904
   5.7599999999999998                    135024
   5.7700000000000005                    135127
   5.7800000000000002                    135283
   5.7900000000000000                    135388
   5.7999999999999998                    135453
   5.8100000000000005                    135572
   5.8200000000000003                    135637
   5.8300000000000001                    135678
   5.8399999999999999                    135751
   5.8500000000000005                    135819
   5.8600000000000003                    135875
   5.8700000000000001                    135835
   5.8799999999999999                    135812
   5.8899999999999997                    135822
   5.9000000000000004                    135825
   5.9100000000000001                    135803
   5.9199999999999999                    135783
   5.9299999999999997                    135862
   5.9400000000000004                    135927
   5.9500000000000002                    135904
   5.9600000000000000                    135953
   5.9699999999999998                    136010
   5.9800000000000004                    136033
   5.9900000000000002                    136088
   6.0000000000000000                    136141
   6.0099999999999998                    136196
   6.0200000000000005                    136212
   6.0300000000000002                    136201
   6.0400000000000000                    136246
   6.0499999999999998                    136335
   6.0600000000000005                    136310
   6.0700000000000003                    136261
   6.0800000000000001                    136229
   6.0899999999999999                    136222
   6.1000000000000005                    136176
   6.1100000000000003                    136123
   6.1200000000000001                    136194
   6.1299999999999999                    136176
   6.1400000000000006                    136218
   6.1500000000000004                    136194
   6.1600000000000001                    136210
   6.1699999999999999                    136189
   6.1799999999999997                    136194
   6.1900000000000004                    136253
   6.2000000000000002                    136168
   6.2100000000000000                    136191
   6.2199999999999998                    136158
   6.2300000000000004                    136160
   6.2400000000000002                    136113
   6.2500000000000000                    136109
   6.2599999999999998                    136044
   6.2700000000000005                    136056
   6.2800000000000002                    136050
   6.2900000000000000                    136024
   6.2999999999999998                    136000
   6.3100000000000005                    135965
   6.3200000000000003                    135956
   6.3300000000000001                    135953
   6.3399999999999999                    135956
   6.3500000000000005                    135856
   6.3600000000000003                    135815
   6.3700000000000001                    135778
   6.3799999999999999                    135758
   6.3900000000000006                    135693
   6.4000000000000004                    135678
   6.4100000000000001                    135638
   6.4199999999999999                    135603
   6.4299999999999997                    135576
   6.4400000000000004                    135530
   6.4500000000000002                    135410
   6.4600000000000000                    135316
   6.4699999999999998                    135259
   6.4800000000000004                    135225
   6.4900000000000002                    135184
   6.5000000000000000                    135139
   6.5099999999999998                    135145
   6.5200000000000005                    135104
   6.5300000000000002                    135056
   6.5400000000000000                    135031
   6.5499999999999998                    134952
   6.5600000000000005                    134943
   6.5700000000000003                    134853
   6.5800000000000001                    134747
   6.5899999999999999                    134684
   6.6000000000000005                    134572
   6.6100000000000003                    134489
   6.6200000000000001                    134426
   6.6299999999999999                    134351
   6.6400000000000006                    134256
   6.6500000000000004                    134165
   6.6600000000000001                    134069
   6.6699999999999999                    133910
   6.6799999999999997                    133874
   6.6900000000000004                    133784
   6.7000000000000002                    133689
   6.7100000000000000                    133598
   6.7199999999999998                    133489
   6.7300000000000004                    133339
   6.7400000000000002                    133219
   6.7500000000000000                    133182
   6.7599999999999998                    133113
   6.7700000000000005                    132988
   6.7800000000000002                    132826
   6.7900000000000000                    132748
   6.7999999999999998                    132592
   6.8100000000000005                    132526
   6.8200000000000003                    132395
   6.8300000000000001                    132252
   6.8399999999999999                    132134
   6.8500000000000005                    131969
   6.8600000000000003                    131860
   6.8700000000000001                    131732
   6.8799999999999999                    131588
   6.8900000000000006                    131435
   6.9000000000000004                    131303
   6.9100000000000001                    131149
   6.9199999999999999                    131039
   6.9299999999999997                    130927
   6.9400000000000004                    130758
   6.9500000000000002                    130525
   6.9600000000000000                    130392
   6.9699999999999998                    130292
   6.9800000000000004                    130126
   6.9900000000000002                    129992
   7.0000000000000000                    129816
   7.0099999999999998                    129707
   7.0200000000000005                    129546
   7.0300000000000002                    129390
   7.0400000000000000                    129244
   7.0499999999999998                    129093
   7.0600000000000005                    128932
   7.0700000000000003                    128792
   7.0800000000000001                    128631
   7.0899999999999999                    128461
   7.1000000000000005                    128258
   7.1100000000000003                    128103
   7.1200000000000001                    127925
   7.1299999999999999                    127756
   7.1400000000000006                    127613
   7.1500000000000004                    127380
   7.1600000000000001                    127244
   7.1699999999999999                    126998
   7.1799999999999997                    126775
   7.1900000000000004                    126609
   7.2000000000000002                    126455
   7.2100000000000000                    126262
   7.2199999999999998                    126073
   7.2300000000000004                    125949
   7.2400000000000002                    125816
   7.2500000000000000                    125656
   7.2599999999999998                    125479
   7.2700000000000005                    125317
   7.2800000000000002                    125117
   7.2900000000000000                    124924
   7.2999999999999998                    124795
   7.3100000000000005                    124593
   7.3200000000000003                    124423
   7.3300000000000001                    124275
   7.3399999999999999                    124093
   7.3500000000000005                    123987
   7.3600000000000003                    123781
   7.3700000000000001                    123565
   7.3799999999999999                    123449
   7.3900000000000006                    123252
   7.4000000000000004                    123064
   7.4100000000000001                    122917
   7.4199999999999999                    122745
   7.4299999999999997                    122659
   7.4400000000000004                    122454
   7.4500000000000002                    122212
   7.4600000000000000                    121971
   7.4699999999999998                    121787
   7.4800000000000004                    121554
   7.4900000000000002                    121405
   7.5000000000000000                    121162
   7.5099999999999998                    120962
   7.5200000000000005                    120716
   7.5300000000000002                    120503
   7.5400000000000000                    120272
   7.5499999999999998                    120066
   7.5600000000000005                    119828
   7.5700000000000003                    119585
   7.5800000000000001                    119317
   7.5899999999999999                    119105
   7.6000000000000005                    118878
   7.6100000000000003                    118645
   7.6200000000000001                    118497
   7.6299999999999999                    118280
   7.6400000000000006                    118033
   7.6500000000000004                    117854
   7.6600000000000001                    117625
   7.6699999999999999                    117466
   7.6799999999999997                    117227
   7.6900000000000004                    116928
   7.7000000000000002                    116709
   7.7100000000000000                    116473
   7.7199999999999998                    116260
   7.7300000000000004                    116028
   7.7400000000000002                    115798
   7.7500000000000000                    115541
   7.7599999999999998                    115254
   7.7700000000000005                    115011
   7.7800000000000002                    114757
   7.7900000000000000                    114530
   7.7999999999999998                    114303
   7.8100000000000005                    114092
   7.8200000000000003                    113862
   7.8300000000000001                    113584
   7.8399999999999999                    113341
   7.8500000000000005                    113102
   7.8600000000000003                    112873
   7.8700000000000001                    112656
   7.8799999999999999                    112419
   7.8900000000000006                    112147
   7.9000000000000004                    111872
   7.9100000000000001                    111637
   7.9199999999999999                    111446
   7.9300000000000006                    111197
   7.9400000000000004                    110943
   7.9500000000000002                    110724
   7.9600000000000000                    110509
   7.9699999999999998                    110207
   7.9800000000000004                    109990
   7.9900000000000002                    109683
   8.0000000000000000                    109469
   8.0099999999999998                    109184
   8.0199999999999996                    108945
   8.0299999999999994                    108719
   8.0400000000000009                    108440
   8.0500000000000007                    108210
   8.0600000000000005                    107966
   8.0700000000000003                    107720
   8.0800000000000001                    107492
   8.0899999999999999                    107242
   8.0999999999999996                    106997
   8.1099999999999994                    106707
   8.1200000000000010                    106464
   8.1300000000000008                    106171
   8.1400000000000006                    105900
   8.1500000000000004                    105687
   8.1600000000000001                    105388
   8.1699999999999999                    105152
   8.1799999999999997                    104873
   8.1899999999999995                    104591
   8.1999999999999993                    104336
   8.2100000000000009                    104072
   8.2200000000000006                    103783
   8.2300000000000004                    103544
   8.2400000000000002                    103305
   8.2500000000000000                    103079
   8.2599999999999998                    102815
   8.2699999999999996                    102532
   8.2799999999999994                    102299
   8.2900000000000009                    102052
   8.3000000000000007                    101806
   8.3100000000000005                    101590
   8.3200000000000003                    101312
   8.3300000000000001                    101073
   8.3399999999999999                    100761
   8.3499999999999996                    100528
   8.3599999999999994                    100268
   8.3700000000000010                    100003
   8.3800000000000008                     99726
   8.3900000000000006                     99442
   8.4000000000000004                     99242
   8.4100000000000001                     99009
   8.4199999999999999                     98742
   8.4299999999999997                     98460
   8.4399999999999995                     98164
   8.4499999999999993                     97927
   8.4600000000000009                     97619
   8.4700000000000006                     97390
   8.4800000000000004                     97093
   8.4900000000000002                     96839
   8.5000000000000000                     96590
   8.5099999999999998                     96318
   8.5199999999999996                     96010
   8.5299999999999994                     95699
   8.5400000000000009                     95436
   8.5500000000000007                     95183
   8.5600000000000005                     94931
   8.5700000000000003                     94664
   8.5800000000000001                     94404
   8.5899999999999999                     94169
   8.5999999999999996                     93874
   8.6099999999999994                     93599
   8.6200000000000010                     93355
   8.6300000000000008                     93103
   8.6400000000000006                     92853
   8.6500000000000004                     92581
   8.6600000000000001                     92354
   8.6699999999999999                     92127
   8.6799999999999997                     91916
   8.6899999999999995                     91674
   8.7000000000000011                     91440
   8.7100000000000009                     91145
   8.7200000000000006                     90864
   8.7300000000000004                     90612
   8.7400000000000002                     90342
   8.7500000000000000                     90082
   8.7599999999999998                     89826
   8.7699999999999996                     89533
   8.7799999999999994                     89283
   8.7900000000000009                     89013
   8.8000000000000007                     88783
   8.8100000000000005                     88549
   8.8200000000000003                     88250
   8.8300000000000001                     87963
   8.8399999999999999                     87745
   8.8499999999999996                     87448
   8.8599999999999994                     87238
   8.8700000000000010                     86935
   8.8800000000000008                     86690
   8.8900000000000006                     86453
   8.9000000000000004                     86227
   8.9100000000000001                     85962
   8.9199999999999999                     85693
   8.9299999999999997                     85407
   8.9399999999999995                     85097
   8.9500000000000011                     84851
   8.9600000000000009                     84535
   8.9700000000000006                     84272
   8.9800000000000004                     83977
   8.9900000000000002                     83691
   9.0000000000000000                     83411
   9.0099999999999998                     83162
   9.0199999999999996                     82962
   9.0299999999999994                     82705
   9.0400000000000009                     82439
   9.0500000000000007                     82149
   9.0600000000000005                     81867
   9.0700000000000003                     81632
   9.0800000000000001                     81378
   9.0899999999999999                     81174
   9.0999999999999996                     80914
   9.1099999999999994                     80658
   9.1200000000000010                     80355
   9.1300000000000008                     80099
   9.1400000000000006                     79832
   9.1500000000000004                     79573
   9.1600000000000001                     79285
   9.1699999999999999                     79006
   9.1799999999999997                     78690
   9.1899999999999995                     78482
   9.2000000000000011                     78210
   9.2100000000000009                     77956
   9.2200000000000006                     77706
   9.2300000000000004                     77434
   9.2400000000000002                     77204
   9.2500000000000000                     76977
   9.2599999999999998                     76753
   9.2699999999999996                     76472
   9.2799999999999994                     76253
   9.2900000000000009                     75992
   9.3000000000000007                     75779
   9.3100000000000005                     75535
   9.3200000000000003                     75287
   9.3300000000000001                     75011
   9.3399999999999999                     74761
   9.3499999999999996                     74503
   9.3599999999999994                     74243
   9.3700000000000010                     73947
   9.3800000000000008                     73669
   9.3900000000000006                     73439
   9.4000000000000004                     73161
   9.4100000000000001                     72940
   9.4199999999999999                     72707
   9.4299999999999997                     72467
   9.4399999999999995                     72234
   9.4500000000000011                     72004
   9.4600000000000009                     71803
   9.4700000000000006                     71564
   9.4800000000000004                     71277
   9.4900000000000002                     71025
   9.5000000000000000                     70814
   9.5099999999999998                     70573
   9.5199999999999996                     70341
   9.5299999999999994                     70061
   9.5400000000000009                     69798
   9.5500000000000007                     69557
   9.5600000000000005                     69334
   9.5700000000000003                     69114
   9.5800000000000001                     68874
   9.5899999999999999                     68634
   9.5999999999999996                     68376
   9.6099999999999994                     68139
   9.6200000000000010                     67928
   9.6300000000000008                     67698
   9.6400000000000006                     67475
   9.6500000000000004                     67249
   9.6600000000000001                     67053
   9.6699999999999999                     66814
   9.6799999999999997                     66569
   9.6899999999999995                     66332
   9.7000000000000011                     66103
   9.7100000000000009                     65873
   9.7200000000000006                     65640
   9.7300000000000004                     65410
   9.7400000000000002                     65184
   9.7500000000000000                     64938
   9.7599999999999998                     64733
   9.7699999999999996                     64493
   9.7799999999999994                     64288
   9.7900000000000009                     64045
   9.8000000000000007                     63804
   9.8100000000000005                     63578
   9.8200000000000003                     63356
   9.8300000000000001                     63160
   9.8399999999999999                     62939
   9.8499999999999996                     62715
   9.8599999999999994                     62494
   9.8700000000000010                     62294
   9.8800000000000008                     62085
   9.8900000000000006                     61862
   9.9000000000000004                     61661
   9.9100000000000001                     61452
   9.9199999999999999                     61244
   9.9299999999999997                     61024
   9.9399999999999995                     60787
   9.9500000000000011                     60568
   9.9600000000000009                     60377
   9.9700000000000006                     60162
   9.9800000000000004                     59940
   9.9900000000000002                     59749
   10.000000000000000                     59548
