   0.0000000000000000                         0
   1.0000000000000000E-002                  187
   2.0000000000000000E-002                  414
   2.9999999999999999E-002                  608
   4.0000000000000001E-002                  825
   5.0000000000000003E-002                 1048
   5.9999999999999998E-002                 1267
   7.0000000000000007E-002                 1462
   8.0000000000000002E-002                 1660
   8.9999999999999997E-002                 1881
  0.10000000000000001                      2071
  0.11000000000000000                      2286
  0.12000000000000000                      2473
  0.13000000000000000                      2685
  0.14000000000000001                      2890
  0.14999999999999999                      3089
  0.16000000000000000                      3275
  0.17000000000000001                      3493
  0.17999999999999999                      3702
  0.19000000000000000                      3908
  0.20000000000000001                      4093
  0.20999999999999999                      4306
  0.22000000000000000                      4498
  0.23000000000000001                      4695
  0.23999999999999999                      4924
  0.25000000000000000                      5138
  0.26000000000000001                      5335
  0.27000000000000002                      5560
  0.28000000000000003                      5744
  0.28999999999999998                      5954
  0.29999999999999999                      6164
  0.31000000000000000                      6357
  0.32000000000000001                      6567
  0.33000000000000002                      6755
  0.34000000000000002                      6960
  0.35000000000000003                      7168
  0.35999999999999999                      7377
  0.37000000000000000                      7582
  0.38000000000000000                      7786
  0.39000000000000001                      7995
  0.40000000000000002                      8214
  0.41000000000000003                      8435
  0.41999999999999998                      8648
  0.42999999999999999                      8831
  0.44000000000000000                      9027
  0.45000000000000001                      9234
  0.46000000000000002                      9428
  0.47000000000000003                      9625
  0.47999999999999998                      9821
  0.48999999999999999                     10040
  0.50000000000000000                     10264
  0.51000000000000001                     10465
  0.52000000000000002                     10688
  0.53000000000000003                     10887
  0.54000000000000004                     11123
  0.55000000000000004                     11329
  0.56000000000000005                     11520
  0.57000000000000006                     11720
  0.57999999999999996                     11894
  0.58999999999999997                     12115
  0.59999999999999998                     12323
  0.60999999999999999                     12518
  0.62000000000000000                     12744
  0.63000000000000000                     12946
  0.64000000000000001                     13151
  0.65000000000000002                     13330
  0.66000000000000003                     13539
  0.67000000000000004                     13758
  0.68000000000000005                     13931
  0.69000000000000006                     14098
  0.70000000000000007                     14301
  0.70999999999999996                     14476
  0.71999999999999997                     14706
  0.72999999999999998                     14923
  0.73999999999999999                     15114
  0.75000000000000000                     15293
  0.76000000000000001                     15497
  0.77000000000000002                     15711
  0.78000000000000003                     15894
  0.79000000000000004                     16106
  0.80000000000000004                     16298
  0.81000000000000005                     16498
  0.82000000000000006                     16711
  0.83000000000000007                     16914
  0.83999999999999997                     17122
  0.84999999999999998                     17337
  0.85999999999999999                     17543
  0.87000000000000000                     17766
  0.88000000000000000                     17977
  0.89000000000000001                     18164
  0.90000000000000002                     18366
  0.91000000000000003                     18603
  0.92000000000000004                     18816
  0.93000000000000005                     19032
  0.94000000000000006                     19251
  0.95000000000000007                     19455
  0.95999999999999996                     19633
  0.96999999999999997                     19783
  0.97999999999999998                     19984
  0.98999999999999999                     20172
   1.0000000000000000                     20374
   1.0100000000000000                     20587
   1.0200000000000000                     20812
   1.0300000000000000                     21021
   1.0400000000000000                     21260
   1.0500000000000000                     21482
   1.0600000000000001                     21750
   1.0700000000000001                     21987
   1.0800000000000001                     22177
   1.0900000000000001                     22423
   1.1000000000000001                     22603
   1.1100000000000001                     22799
   1.1200000000000001                     22981
   1.1300000000000001                     23211
   1.1400000000000001                     23449
   1.1500000000000001                     23668
   1.1599999999999999                     23878
   1.1699999999999999                     24058
   1.1799999999999999                     24262
   1.1899999999999999                     24455
   1.2000000000000000                     24683
   1.2100000000000000                     24877
   1.2200000000000000                     25073
   1.2300000000000000                     25255
   1.2400000000000000                     25459
   1.2500000000000000                     25682
   1.2600000000000000                     25863
   1.2700000000000000                     26107
   1.2800000000000000                     26337
   1.2900000000000000                     26528
   1.3000000000000000                     26745
   1.3100000000000001                     26925
   1.3200000000000001                     27156
   1.3300000000000001                     27392
   1.3400000000000001                     27614
   1.3500000000000001                     27842
   1.3600000000000001                     28076
   1.3700000000000001                     28323
   1.3800000000000001                     28543
   1.3900000000000001                     28748
   1.4000000000000001                     28982
   1.4099999999999999                     29188
   1.4199999999999999                     29416
   1.4299999999999999                     29647
   1.4399999999999999                     29884
   1.4500000000000000                     30100
   1.4600000000000000                     30320
   1.4700000000000000                     30515
   1.4800000000000000                     30747
   1.4900000000000000                     31011
   1.5000000000000000                     31218
   1.5100000000000000                     31446
   1.5200000000000000                     31605
   1.5300000000000000                     31825
   1.5400000000000000                     31983
   1.5500000000000000                     32164
   1.5600000000000001                     32396
   1.5700000000000001                     32561
   1.5800000000000001                     32787
   1.5900000000000001                     32964
   1.6000000000000001                     33228
   1.6100000000000001                     33453
   1.6200000000000001                     33696
   1.6300000000000001                     33922
   1.6400000000000001                     34164
   1.6500000000000001                     34383
   1.6600000000000001                     34592
   1.6699999999999999                     34818
   1.6799999999999999                     34972
   1.6899999999999999                     35181
   1.7000000000000000                     35404
   1.7100000000000000                     35597
   1.7200000000000000                     35847
   1.7300000000000000                     36081
   1.7400000000000000                     36275
   1.7500000000000000                     36503
   1.7600000000000000                     36710
   1.7700000000000000                     36921
   1.7800000000000000                     37157
   1.7900000000000000                     37402
   1.8000000000000000                     37615
   1.8100000000000001                     37823
   1.8200000000000001                     38065
   1.8300000000000001                     38294
   1.8400000000000001                     38540
   1.8500000000000001                     38821
   1.8600000000000001                     39054
   1.8700000000000001                     39329
   1.8800000000000001                     39555
   1.8900000000000001                     39814
   1.9000000000000001                     40052
   1.9100000000000001                     40264
   1.9199999999999999                     40502
   1.9299999999999999                     40748
   1.9399999999999999                     40983
   1.9500000000000000                     41238
   1.9600000000000000                     41527
   1.9700000000000000                     41775
   1.9800000000000000                     41999
   1.9900000000000000                     42214
   2.0000000000000000                     42446
   2.0100000000000002                     42663
   2.0200000000000000                     42910
   2.0300000000000002                     43159
   2.0400000000000000                     43402
   2.0499999999999998                     43645
   2.0600000000000001                     43906
   2.0699999999999998                     44155
   2.0800000000000001                     44412
   2.0899999999999999                     44672
   2.1000000000000001                     44945
   2.1099999999999999                     45207
   2.1200000000000001                     45510
   2.1299999999999999                     45832
   2.1400000000000001                     46063
   2.1499999999999999                     46331
   2.1600000000000001                     46577
   2.1699999999999999                     46847
   2.1800000000000002                     47072
   2.1899999999999999                     47317
   2.2000000000000002                     47519
   2.2100000000000000                     47788
   2.2200000000000002                     48028
   2.2300000000000000                     48295
   2.2400000000000002                     48528
   2.2500000000000000                     48711
   2.2600000000000002                     48933
   2.2700000000000000                     49195
   2.2800000000000002                     49458
   2.2900000000000000                     49638
   2.3000000000000003                     49878
   2.3100000000000001                     50167
   2.3199999999999998                     50442
   2.3300000000000001                     50699
   2.3399999999999999                     50945
   2.3500000000000001                     51165
   2.3599999999999999                     51461
   2.3700000000000001                     51747
   2.3799999999999999                     52020
   2.3900000000000001                     52286
   2.3999999999999999                     52588
   2.4100000000000001                     52835
   2.4199999999999999                     53110
   2.4300000000000002                     53375
   2.4399999999999999                     53651
   2.4500000000000002                     53929
   2.4600000000000000                     54150
   2.4700000000000002                     54427
   2.4800000000000000                     54762
   2.4900000000000002                     55033
   2.5000000000000000                     55331
   2.5100000000000002                     55586
   2.5200000000000000                     55850
   2.5300000000000002                     56105
   2.5400000000000000                     56358
   2.5500000000000003                     56635
   2.5600000000000001                     56908
   2.5699999999999998                     57179
   2.5800000000000001                     57479
   2.5899999999999999                     57687
   2.6000000000000001                     57934
   2.6099999999999999                     58161
   2.6200000000000001                     58408
   2.6299999999999999                     58709
   2.6400000000000001                     58963
   2.6499999999999999                     59262
   2.6600000000000001                     59511
   2.6699999999999999                     59805
   2.6800000000000002                     60063
   2.6899999999999999                     60318
   2.7000000000000002                     60591
   2.7100000000000000                     60853
   2.7200000000000002                     61102
   2.7300000000000000                     61350
   2.7400000000000002                     61569
   2.7500000000000000                     61849
   2.7600000000000002                     62119
   2.7700000000000000                     62397
   2.7800000000000002                     62680
   2.7900000000000000                     63016
   2.8000000000000003                     63293
   2.8100000000000001                     63603
   2.8199999999999998                     63915
   2.8300000000000001                     64169
   2.8399999999999999                     64431
   2.8500000000000001                     64712
   2.8599999999999999                     64998
   2.8700000000000001                     65248
   2.8799999999999999                     65573
   2.8900000000000001                     65880
   2.8999999999999999                     66091
   2.9100000000000001                     66400
   2.9199999999999999                     66695
   2.9300000000000002                     66991
   2.9399999999999999                     67290
   2.9500000000000002                     67594
   2.9600000000000000                     67862
   2.9700000000000002                     68094
   2.9800000000000000                     68353
   2.9900000000000002                     68606
   3.0000000000000000                     68874
   3.0100000000000002                     69150
   3.0200000000000000                     69404
   3.0300000000000002                     69688
   3.0400000000000000                     69921
   3.0500000000000003                     70122
   3.0600000000000001                     70340
   3.0700000000000003                     70624
   3.0800000000000001                     70901
   3.0899999999999999                     71179
   3.1000000000000001                     71417
   3.1099999999999999                     71756
   3.1200000000000001                     72023
   3.1299999999999999                     72344
   3.1400000000000001                     72657
   3.1499999999999999                     72894
   3.1600000000000001                     73179
   3.1699999999999999                     73420
   3.1800000000000002                     73673
   3.1899999999999999                     73988
   3.2000000000000002                     74278
   3.2100000000000000                     74522
   3.2200000000000002                     74793
   3.2300000000000000                     75051
   3.2400000000000002                     75358
   3.2500000000000000                     75635
   3.2600000000000002                     75910
   3.2700000000000000                     76211
   3.2800000000000002                     76441
   3.2900000000000000                     76723
   3.3000000000000003                     76964
   3.3100000000000001                     77227
   3.3200000000000003                     77545
   3.3300000000000001                     77799
   3.3399999999999999                     78053
   3.3500000000000001                     78339
   3.3599999999999999                     78606
   3.3700000000000001                     78887
   3.3799999999999999                     79146
   3.3900000000000001                     79434
   3.3999999999999999                     79745
   3.4100000000000001                     80090
   3.4199999999999999                     80362
   3.4300000000000002                     80646
   3.4399999999999999                     80910
   3.4500000000000002                     81199
   3.4600000000000000                     81484
   3.4700000000000002                     81758
   3.4800000000000000                     82066
   3.4900000000000002                     82322
   3.5000000000000000                     82623
   3.5100000000000002                     82900
   3.5200000000000000                     83180
   3.5300000000000002                     83503
   3.5400000000000000                     83755
   3.5500000000000003                     84026
   3.5600000000000001                     84359
   3.5700000000000003                     84632
   3.5800000000000001                     84945
   3.5899999999999999                     85232
   3.6000000000000001                     85564
   3.6099999999999999                     85810
   3.6200000000000001                     86106
   3.6299999999999999                     86435
   3.6400000000000001                     86734
   3.6499999999999999                     86992
   3.6600000000000001                     87223
   3.6699999999999999                     87542
   3.6800000000000002                     87755
   3.6899999999999999                     88014
   3.7000000000000002                     88356
   3.7100000000000000                     88606
   3.7200000000000002                     88882
   3.7300000000000000                     89141
   3.7400000000000002                     89407
   3.7500000000000000                     89694
   3.7600000000000002                     89934
   3.7700000000000000                     90200
   3.7800000000000002                     90464
   3.7900000000000000                     90707
   3.8000000000000003                     90961
   3.8100000000000001                     91201
   3.8200000000000003                     91411
   3.8300000000000001                     91709
   3.8399999999999999                     92030
   3.8500000000000001                     92342
   3.8599999999999999                     92713
   3.8700000000000001                     93003
   3.8799999999999999                     93291
   3.8900000000000001                     93525
   3.8999999999999999                     93845
   3.9100000000000001                     94189
   3.9199999999999999                     94470
   3.9300000000000002                     94758
   3.9399999999999999                     95115
   3.9500000000000002                     95470
   3.9600000000000000                     95784
   3.9700000000000002                     96145
   3.9800000000000000                     96452
   3.9900000000000002                     96757
   4.0000000000000000                     97020
   4.0099999999999998                     97303
   4.0200000000000005                     97618
   4.0300000000000002                     97943
   4.0400000000000000                     98200
   4.0499999999999998                     98539
   4.0600000000000005                     98890
   4.0700000000000003                     99125
   4.0800000000000001                     99386
   4.0899999999999999                     99582
   4.0999999999999996                     99877
   4.1100000000000003                    100174
   4.1200000000000001                    100466
   4.1299999999999999                    100751
   4.1399999999999997                    101016
   4.1500000000000004                    101301
   4.1600000000000001                    101552
   4.1699999999999999                    101840
   4.1799999999999997                    102158
   4.1900000000000004                    102441
   4.2000000000000002                    102700
   4.2100000000000000                    102980
   4.2199999999999998                    103279
   4.2300000000000004                    103553
   4.2400000000000002                    103853
   4.2500000000000000                    104146
   4.2599999999999998                    104462
   4.2700000000000005                    104780
   4.2800000000000002                    105054
   4.2900000000000000                    105310
   4.2999999999999998                    105535
   4.3100000000000005                    105819
   4.3200000000000003                    106087
   4.3300000000000001                    106323
   4.3399999999999999                    106627
   4.3500000000000005                    106905
   4.3600000000000003                    107193
   4.3700000000000001                    107483
   4.3799999999999999                    107733
   4.3899999999999997                    108006
   4.4000000000000004                    108219
   4.4100000000000001                    108519
   4.4199999999999999                    108792
   4.4299999999999997                    109061
   4.4400000000000004                    109307
   4.4500000000000002                    109570
   4.4600000000000000                    109870
   4.4699999999999998                    110085
   4.4800000000000004                    110359
   4.4900000000000002                    110654
   4.5000000000000000                    110945
   4.5099999999999998                    111262
   4.5200000000000005                    111567
   4.5300000000000002                    111840
   4.5400000000000000                    112109
   4.5499999999999998                    112391
   4.5600000000000005                    112647
   4.5700000000000003                    112906
   4.5800000000000001                    113122
   4.5899999999999999                    113348
   4.6000000000000005                    113565
   4.6100000000000003                    113769
   4.6200000000000001                    114014
   4.6299999999999999                    114263
   4.6399999999999997                    114450
   4.6500000000000004                    114676
   4.6600000000000001                    114952
   4.6699999999999999                    115197
   4.6799999999999997                    115377
   4.6900000000000004                    115591
   4.7000000000000002                    115839
   4.7100000000000000                    116080
   4.7199999999999998                    116309
   4.7300000000000004                    116620
   4.7400000000000002                    116839
   4.7500000000000000                    117051
   4.7599999999999998                    117234
   4.7700000000000005                    117501
   4.7800000000000002                    117671
   4.7900000000000000                    117907
   4.7999999999999998                    118154
   4.8100000000000005                    118373
   4.8200000000000003                    118660
   4.8300000000000001                    118874
   4.8399999999999999                    119098
   4.8500000000000005                    119385
   4.8600000000000003                    119663
   4.8700000000000001                    119854
   4.8799999999999999                    120114
   4.8899999999999997                    120412
   4.9000000000000004                    120598
   4.9100000000000001                    120738
   4.9199999999999999                    120945
   4.9299999999999997                    121185
   4.9400000000000004                    121448
   4.9500000000000002                    121684
   4.9600000000000000                    121833
   4.9699999999999998                    122040
   4.9800000000000004                    122307
   4.9900000000000002                    122577
   5.0000000000000000                    122740
   5.0099999999999998                    122930
   5.0200000000000005                    123070
   5.0300000000000002                    123356
   5.0400000000000000                    123549
   5.0499999999999998                    123709
   5.0600000000000005                    123947
   5.0700000000000003                    124096
   5.0800000000000001                    124313
   5.0899999999999999                    124501
   5.1000000000000005                    124732
   5.1100000000000003                    124859
   5.1200000000000001                    125043
   5.1299999999999999                    125296
   5.1399999999999997                    125452
   5.1500000000000004                    125618
   5.1600000000000001                    125737
   5.1699999999999999                    125914
   5.1799999999999997                    126077
   5.1900000000000004                    126225
   5.2000000000000002                    126389
   5.2100000000000000                    126497
   5.2199999999999998                    126654
   5.2300000000000004                    126794
   5.2400000000000002                    126918
   5.2500000000000000                    127055
   5.2599999999999998                    127249
   5.2700000000000005                    127469
   5.2800000000000002                    127599
   5.2900000000000000                    127786
   5.2999999999999998                    127936
   5.3100000000000005                    128104
   5.3200000000000003                    128259
   5.3300000000000001                    128448
   5.3399999999999999                    128592
   5.3500000000000005                    128750
   5.3600000000000003                    128937
   5.3700000000000001                    129110
   5.3799999999999999                    129248
   5.3899999999999997                    129374
   5.4000000000000004                    129498
   5.4100000000000001                    129592
   5.4199999999999999                    129729
   5.4299999999999997                    129900
   5.4400000000000004                    130086
   5.4500000000000002                    130250
   5.4600000000000000                    130288
   5.4699999999999998                    130458
   5.4800000000000004                    130584
   5.4900000000000002                    130773
   5.5000000000000000                    130880
   5.5099999999999998                    131000
   5.5200000000000005                    131140
   5.5300000000000002                    131232
   5.5400000000000000                    131365
   5.5499999999999998                    131509
   5.5600000000000005                    131582
   5.5700000000000003                    131702
   5.5800000000000001                    131769
   5.5899999999999999                    131872
   5.6000000000000005                    131981
   5.6100000000000003                    132060
   5.6200000000000001                    132223
   5.6299999999999999                    132287
   5.6399999999999997                    132416
   5.6500000000000004                    132502
   5.6600000000000001                    132643
   5.6699999999999999                    132742
   5.6799999999999997                    132867
   5.6900000000000004                    133012
   5.7000000000000002                    133105
   5.7100000000000000                    133263
   5.7199999999999998                    133345
   5.7300000000000004                    133366
   5.7400000000000002                    133431
   5.7500000000000000                    133496
   5.7599999999999998                    133578
   5.7700000000000005                    133663
   5.7800000000000002                    133764
   5.7900000000000000                    133916
   5.7999999999999998                    134041
   5.8100000000000005                    134154
   5.8200000000000003                    134203
   5.8300000000000001                    134272
   5.8399999999999999                    134353
   5.8500000000000005                    134425
   5.8600000000000003                    134505
   5.8700000000000001                    134675
   5.8799999999999999                    134719
   5.8899999999999997                    134820
   5.9000000000000004                    134856
   5.9100000000000001                    134864
   5.9199999999999999                    134946
   5.9299999999999997                    134970
   5.9400000000000004                    135064
   5.9500000000000002                    135171
   5.9600000000000000                    135232
   5.9699999999999998                    135358
   5.9800000000000004                    135345
   5.9900000000000002                    135398
   6.0000000000000000                    135434
   6.0099999999999998                    135540
   6.0200000000000005                    135580
   6.0300000000000002                    135594
   6.0400000000000000                    135635
   6.0499999999999998                    135633
   6.0600000000000005                    135660
   6.0700000000000003                    135763
   6.0800000000000001                    135707
   6.0899999999999999                    135732
   6.1000000000000005                    135810
   6.1100000000000003                    135826
   6.1200000000000001                    135757
   6.1299999999999999                    135749
   6.1400000000000006                    135848
   6.1500000000000004                    135901
   6.1600000000000001                    135923
   6.1699999999999999                    135962
   6.1799999999999997                    135899
   6.1900000000000004                    135917
   6.2000000000000002                    135972
   6.2100000000000000                    135927
   6.2199999999999998                    135961
   6.2300000000000004                    135961
   6.2400000000000002                    135966
   6.2500000000000000                    135980
   6.2599999999999998                    135991
   6.2700000000000005                    135995
   6.2800000000000002                    135979
   6.2900000000000000                    135970
   6.2999999999999998                    135937
   6.3100000000000005                    135922
   6.3200000000000003                    135943
   6.3300000000000001                    135862
   6.3399999999999999                    135865
   6.3500000000000005                    135863
   6.3600000000000003                    135834
   6.3700000000000001                    135867
   6.3799999999999999                    135836
   6.3900000000000006                    135779
   6.4000000000000004                    135782
   6.4100000000000001                    135743
   6.4199999999999999                    135683
   6.4299999999999997                    135646
   6.4400000000000004                    135618
   6.4500000000000002                    135581
   6.4600000000000000                    135584
   6.4699999999999998                    135567
   6.4800000000000004                    135516
   6.4900000000000002                    135470
   6.5000000000000000                    135418
   6.5099999999999998                    135336
   6.5200000000000005                    135270
   6.5300000000000002                    135218
   6.5400000000000000                    135147
   6.5499999999999998                    135109
   6.5600000000000005                    135034
   6.5700000000000003                    135021
   6.5800000000000001                    134944
   6.5899999999999999                    134818
   6.6000000000000005                    134733
   6.6100000000000003                    134688
   6.6200000000000001                    134609
   6.6299999999999999                    134619
   6.6400000000000006                    134581
   6.6500000000000004                    134542
   6.6600000000000001                    134505
   6.6699999999999999                    134471
   6.6799999999999997                    134420
   6.6900000000000004                    134301
   6.7000000000000002                    134239
   6.7100000000000000                    134230
   6.7199999999999998                    134119
   6.7300000000000004                    134065
   6.7400000000000002                    133970
   6.7500000000000000                    133877
   6.7599999999999998                    133776
   6.7700000000000005                    133580
   6.7800000000000002                    133541
   6.7900000000000000                    133439
   6.7999999999999998                    133351
   6.8100000000000005                    133254
   6.8200000000000003                    133197
   6.8300000000000001                    133133
   6.8399999999999999                    133055
   6.8500000000000005                    132938
   6.8600000000000003                    132879
   6.8700000000000001                    132750
   6.8799999999999999                    132682
   6.8900000000000006                    132627
   6.9000000000000004                    132509
   6.9100000000000001                    132412
   6.9199999999999999                    132326
   6.9299999999999997                    132113
   6.9400000000000004                    132020
   6.9500000000000002                    131923
   6.9600000000000000                    131814
   6.9699999999999998                    131675
   6.9800000000000004                    131564
   6.9900000000000002                    131428
   7.0000000000000000                    131233
   7.0099999999999998                    131115
   7.0200000000000005                    131028
   7.0300000000000002                    130912
   7.0400000000000000                    130773
   7.0499999999999998                    130638
   7.0600000000000005                    130512
   7.0700000000000003                    130367
   7.0800000000000001                    130202
   7.0899999999999999                    130073
   7.1000000000000005                    129928
   7.1100000000000003                    129707
   7.1200000000000001                    129581
   7.1299999999999999                    129384
   7.1400000000000006                    129251
   7.1500000000000004                    129089
   7.1600000000000001                    128917
   7.1699999999999999                    128802
   7.1799999999999997                    128641
   7.1900000000000004                    128440
   7.2000000000000002                    128252
   7.2100000000000000                    128119
   7.2199999999999998                    127981
   7.2300000000000004                    127839
   7.2400000000000002                    127661
   7.2500000000000000                    127503
   7.2599999999999998                    127346
   7.2700000000000005                    127184
   7.2800000000000002                    127042
   7.2900000000000000                    126835
   7.2999999999999998                    126702
   7.3100000000000005                    126492
   7.3200000000000003                    126265
   7.3300000000000001                    126082
   7.3399999999999999                    125920
   7.3500000000000005                    125800
   7.3600000000000003                    125564
   7.3700000000000001                    125421
   7.3799999999999999                    125213
   7.3900000000000006                    125021
   7.4000000000000004                    124852
   7.4100000000000001                    124599
   7.4199999999999999                    124409
   7.4299999999999997                    124254
   7.4400000000000004                    124051
   7.4500000000000002                    123839
   7.4600000000000000                    123670
   7.4699999999999998                    123496
   7.4800000000000004                    123341
   7.4900000000000002                    123126
   7.5000000000000000                    122953
   7.5099999999999998                    122767
   7.5200000000000005                    122571
   7.5300000000000002                    122320
   7.5400000000000000                    122118
   7.5499999999999998                    121840
   7.5600000000000005                    121631
   7.5700000000000003                    121443
   7.5800000000000001                    121268
   7.5899999999999999                    121089
   7.6000000000000005                    120866
   7.6100000000000003                    120653
   7.6200000000000001                    120452
   7.6299999999999999                    120263
   7.6400000000000006                    120054
   7.6500000000000004                    119862
   7.6600000000000001                    119710
   7.6699999999999999                    119540
   7.6799999999999997                    119271
   7.6900000000000004                    119040
   7.7000000000000002                    118889
   7.7100000000000000                    118746
   7.7199999999999998                    118484
   7.7300000000000004                    118338
   7.7400000000000002                    118122
   7.7500000000000000                    117905
   7.7599999999999998                    117679
   7.7700000000000005                    117458
   7.7800000000000002                    117227
   7.7900000000000000                    117009
   7.7999999999999998                    116788
   7.8100000000000005                    116564
   7.8200000000000003                    116387
   7.8300000000000001                    116173
   7.8399999999999999                    115933
   7.8500000000000005                    115701
   7.8600000000000003                    115474
   7.8700000000000001                    115209
   7.8799999999999999                    115078
   7.8900000000000006                    114818
   7.9000000000000004                    114551
   7.9100000000000001                    114306
   7.9199999999999999                    114107
   7.9300000000000006                    113886
   7.9400000000000004                    113636
   7.9500000000000002                    113430
   7.9600000000000000                    113184
   7.9699999999999998                    112969
   7.9800000000000004                    112718
   7.9900000000000002                    112436
   8.0000000000000000                    112163
   8.0099999999999998                    111957
   8.0199999999999996                    111709
   8.0299999999999994                    111488
   8.0400000000000009                    111207
   8.0500000000000007                    111020
   8.0600000000000005                    110759
   8.0700000000000003                    110562
   8.0800000000000001                    110309
   8.0899999999999999                    110035
   8.0999999999999996                    109769
   8.1099999999999994                    109496
   8.1200000000000010                    109231
   8.1300000000000008                    108971
   8.1400000000000006                    108719
   8.1500000000000004                    108488
   8.1600000000000001                    108282
   8.1699999999999999                    108001
   8.1799999999999997                    107750
   8.1899999999999995                    107470
   8.1999999999999993                    107231
   8.2100000000000009                    106925
   8.2200000000000006                    106680
   8.2300000000000004                    106432
   8.2400000000000002                    106174
   8.2500000000000000                    105931
   8.2599999999999998                    105684
   8.2699999999999996                    105447
   8.2799999999999994                    105223
   8.2900000000000009                    104964
   8.3000000000000007                    104700
   8.3100000000000005                    104443
   8.3200000000000003                    104227
   8.3300000000000001                    103900
   8.3399999999999999                    103656
   8.3499999999999996                    103403
   8.3599999999999994                    103122
   8.3700000000000010                    102831
   8.3800000000000008                    102572
   8.3900000000000006                    102310
   8.4000000000000004                    102029
   8.4100000000000001                    101791
   8.4199999999999999                    101511
   8.4299999999999997                    101221
   8.4399999999999995                    101022
   8.4499999999999993                    100788
   8.4600000000000009                    100528
   8.4700000000000006                    100231
   8.4800000000000004                     99955
   8.4900000000000002                     99689
   8.5000000000000000                     99435
   8.5099999999999998                     99187
   8.5199999999999996                     98918
   8.5299999999999994                     98671
   8.5400000000000009                     98458
   8.5500000000000007                     98162
   8.5600000000000005                     97862
   8.5700000000000003                     97588
   8.5800000000000001                     97377
   8.5899999999999999                     97097
   8.5999999999999996                     96809
   8.6099999999999994                     96536
   8.6200000000000010                     96307
   8.6300000000000008                     96033
   8.6400000000000006                     95744
   8.6500000000000004                     95390
   8.6600000000000001                     95116
   8.6699999999999999                     94852
   8.6799999999999997                     94580
   8.6899999999999995                     94313
   8.7000000000000011                     94052
   8.7100000000000009                     93797
   8.7200000000000006                     93542
   8.7300000000000004                     93234
   8.7400000000000002                     92987
   8.7500000000000000                     92736
   8.7599999999999998                     92428
   8.7699999999999996                     92169
   8.7799999999999994                     91903
   8.7900000000000009                     91619
   8.8000000000000007                     91321
   8.8100000000000005                     91102
   8.8200000000000003                     90805
   8.8300000000000001                     90547
   8.8399999999999999                     90318
   8.8499999999999996                     90064
   8.8599999999999994                     89828
   8.8700000000000010                     89542
   8.8800000000000008                     89256
   8.8900000000000006                     89001
   8.9000000000000004                     88723
   8.9100000000000001                     88458
   8.9199999999999999                     88171
   8.9299999999999997                     87910
   8.9399999999999995                     87577
   8.9500000000000011                     87329
   8.9600000000000009                     87050
   8.9700000000000006                     86765
   8.9800000000000004                     86512
   8.9900000000000002                     86272
   9.0000000000000000                     86012
   9.0099999999999998                     85788
   9.0199999999999996                     85544
   9.0299999999999994                     85295
   9.0400000000000009                     85093
   9.0500000000000007                     84860
   9.0600000000000005                     84577
   9.0700000000000003                     84367
   9.0800000000000001                     84088
   9.0899999999999999                     83835
   9.0999999999999996                     83613
   9.1099999999999994                     83352
   9.1200000000000010                     83063
   9.1300000000000008                     82796
   9.1400000000000006                     82541
   9.1500000000000004                     82306
   9.1600000000000001                     82072
   9.1699999999999999                     81854
   9.1799999999999997                     81614
   9.1899999999999995                     81377
   9.2000000000000011                     81085
   9.2100000000000009                     80864
   9.2200000000000006                     80656
   9.2300000000000004                     80405
   9.2400000000000002                     80195
   9.2500000000000000                     79898
   9.2599999999999998                     79598
   9.2699999999999996                     79331
   9.2799999999999994                     79065
   9.2900000000000009                     78758
   9.3000000000000007                     78536
   9.3100000000000005                     78248
   9.3200000000000003                     77981
   9.3300000000000001                     77727
   9.3399999999999999                     77482
   9.3499999999999996                     77219
   9.3599999999999994                     76927
   9.3700000000000010                     76693
   9.3800000000000008                     76427
   9.3900000000000006                     76124
   9.4000000000000004                     75849
   9.4100000000000001                     75601
   9.4199999999999999                     75351
   9.4299999999999997                     75083
   9.4399999999999995                     74826
   9.4500000000000011                     74575
   9.4600000000000009                     74335
   9.4700000000000006                     74074
   9.4800000000000004                     73842
   9.4900000000000002                     73622
   9.5000000000000000                     73407
   9.5099999999999998                     73183
   9.5199999999999996                     72914
   9.5299999999999994                     72670
   9.5400000000000009                     72429
   9.5500000000000007                     72195
   9.5600000000000005                     71981
   9.5700000000000003                     71734
   9.5800000000000001                     71529
   9.5899999999999999                     71248
   9.5999999999999996                     71018
   9.6099999999999994                     70760
   9.6200000000000010                     70491
   9.6300000000000008                     70234
   9.6400000000000006                     70003
   9.6500000000000004                     69778
   9.6600000000000001                     69539
   9.6699999999999999                     69296
   9.6799999999999997                     69012
   9.6899999999999995                     68763
   9.7000000000000011                     68527
   9.7100000000000009                     68294
   9.7200000000000006                     68061
   9.7300000000000004                     67832
   9.7400000000000002                     67603
   9.7500000000000000                     67355
   9.7599999999999998                     67117
   9.7699999999999996                     66910
   9.7799999999999994                     66665
   9.7900000000000009                     66439
   9.8000000000000007                     66185
   9.8100000000000005                     65950
   9.8200000000000003                     65731
   9.8300000000000001                     65524
   9.8399999999999999                     65272
   9.8499999999999996                     65069
   9.8599999999999994                     64814
   9.8700000000000010                     64583
   9.8800000000000008                     64315
   9.8900000000000006                     64082
   9.9000000000000004                     63864
   9.9100000000000001                     63622
   9.9199999999999999                     63418
   9.9299999999999997                     63174
   9.9399999999999995                     62915
   9.9500000000000011                     62699
   9.9600000000000009                     62481
   9.9700000000000006                     62228
   9.9800000000000004                     61988
   9.9900000000000002                     61789
   10.000000000000000                     61568
