   0.0000000000000000                         0
   1.0000000000000000E-002                  204
   2.0000000000000000E-002                  421
   2.9999999999999999E-002                  612
   4.0000000000000001E-002                  793
   5.0000000000000003E-002                 1017
   5.9999999999999998E-002                 1211
   7.0000000000000007E-002                 1387
   8.0000000000000002E-002                 1593
   8.9999999999999997E-002                 1773
  0.10000000000000001                      1996
  0.11000000000000000                      2205
  0.12000000000000000                      2408
  0.13000000000000000                      2603
  0.14000000000000001                      2800
  0.14999999999999999                      2995
  0.16000000000000000                      3182
  0.17000000000000001                      3363
  0.17999999999999999                      3576
  0.19000000000000000                      3787
  0.20000000000000001                      3998
  0.20999999999999999                      4174
  0.22000000000000000                      4365
  0.23000000000000001                      4555
  0.23999999999999999                      4772
  0.25000000000000000                      4977
  0.26000000000000001                      5196
  0.27000000000000002                      5391
  0.28000000000000003                      5583
  0.28999999999999998                      5776
  0.29999999999999999                      5951
  0.31000000000000000                      6154
  0.32000000000000001                      6319
  0.33000000000000002                      6547
  0.34000000000000002                      6727
  0.35000000000000003                      6894
  0.35999999999999999                      7090
  0.37000000000000000                      7255
  0.38000000000000000                      7447
  0.39000000000000001                      7681
  0.40000000000000002                      7863
  0.41000000000000003                      8056
  0.41999999999999998                      8284
  0.42999999999999999                      8459
  0.44000000000000000                      8641
  0.45000000000000001                      8814
  0.46000000000000002                      9002
  0.47000000000000003                      9195
  0.47999999999999998                      9412
  0.48999999999999999                      9582
  0.50000000000000000                      9760
  0.51000000000000001                      9961
  0.52000000000000002                     10131
  0.53000000000000003                     10326
  0.54000000000000004                     10521
  0.55000000000000004                     10700
  0.56000000000000005                     10898
  0.57000000000000006                     11102
  0.57999999999999996                     11290
  0.58999999999999997                     11487
  0.59999999999999998                     11701
  0.60999999999999999                     11897
  0.62000000000000000                     12106
  0.63000000000000000                     12286
  0.64000000000000001                     12431
  0.65000000000000002                     12617
  0.66000000000000003                     12817
  0.67000000000000004                     13010
  0.68000000000000005                     13170
  0.69000000000000006                     13358
  0.70000000000000007                     13555
  0.70999999999999996                     13778
  0.71999999999999997                     13963
  0.72999999999999998                     14144
  0.73999999999999999                     14342
  0.75000000000000000                     14561
  0.76000000000000001                     14761
  0.77000000000000002                     14965
  0.78000000000000003                     15156
  0.79000000000000004                     15362
  0.80000000000000004                     15587
  0.81000000000000005                     15791
  0.82000000000000006                     15985
  0.83000000000000007                     16194
  0.83999999999999997                     16415
  0.84999999999999998                     16613
  0.85999999999999999                     16770
  0.87000000000000000                     16962
  0.88000000000000000                     17158
  0.89000000000000001                     17362
  0.90000000000000002                     17532
  0.91000000000000003                     17735
  0.92000000000000004                     17942
  0.93000000000000005                     18102
  0.94000000000000006                     18266
  0.95000000000000007                     18450
  0.95999999999999996                     18606
  0.96999999999999997                     18784
  0.97999999999999998                     18988
  0.98999999999999999                     19170
   1.0000000000000000                     19324
   1.0100000000000000                     19522
   1.0200000000000000                     19711
   1.0300000000000000                     19883
   1.0400000000000000                     20054
   1.0500000000000000                     20270
   1.0600000000000001                     20416
   1.0700000000000001                     20603
   1.0800000000000001                     20767
   1.0900000000000001                     20955
   1.1000000000000001                     21156
   1.1100000000000001                     21352
   1.1200000000000001                     21514
   1.1300000000000001                     21694
   1.1400000000000001                     21875
   1.1500000000000001                     22059
   1.1599999999999999                     22272
   1.1699999999999999                     22456
   1.1799999999999999                     22652
   1.1899999999999999                     22842
   1.2000000000000000                     23062
   1.2100000000000000                     23252
   1.2200000000000000                     23453
   1.2300000000000000                     23620
   1.2400000000000000                     23837
   1.2500000000000000                     24065
   1.2600000000000000                     24291
   1.2700000000000000                     24496
   1.2800000000000000                     24675
   1.2900000000000000                     24845
   1.3000000000000000                     25053
   1.3100000000000001                     25249
   1.3200000000000001                     25465
   1.3300000000000001                     25676
   1.3400000000000001                     25876
   1.3500000000000001                     26056
   1.3600000000000001                     26234
   1.3700000000000001                     26455
   1.3800000000000001                     26629
   1.3900000000000001                     26864
   1.4000000000000001                     27110
   1.4099999999999999                     27291
   1.4199999999999999                     27457
   1.4299999999999999                     27658
   1.4399999999999999                     27860
   1.4500000000000000                     28084
   1.4600000000000000                     28308
   1.4700000000000000                     28522
   1.4800000000000000                     28710
   1.4900000000000000                     28933
   1.5000000000000000                     29135
   1.5100000000000000                     29345
   1.5200000000000000                     29576
   1.5300000000000000                     29763
   1.5400000000000000                     29979
   1.5500000000000000                     30189
   1.5600000000000001                     30420
   1.5700000000000001                     30638
   1.5800000000000001                     30833
   1.5900000000000001                     31018
   1.6000000000000001                     31231
   1.6100000000000001                     31376
   1.6200000000000001                     31609
   1.6300000000000001                     31796
   1.6400000000000001                     32016
   1.6500000000000001                     32214
   1.6600000000000001                     32432
   1.6699999999999999                     32614
   1.6799999999999999                     32849
   1.6899999999999999                     33056
   1.7000000000000000                     33285
   1.7100000000000000                     33520
   1.7200000000000000                     33751
   1.7300000000000000                     33914
   1.7400000000000000                     34137
   1.7500000000000000                     34376
   1.7600000000000000                     34578
   1.7700000000000000                     34758
   1.7800000000000000                     34977
   1.7900000000000000                     35194
   1.8000000000000000                     35434
   1.8100000000000001                     35643
   1.8200000000000001                     35880
   1.8300000000000001                     36125
   1.8400000000000001                     36341
   1.8500000000000001                     36577
   1.8600000000000001                     36814
   1.8700000000000001                     37021
   1.8800000000000001                     37259
   1.8900000000000001                     37484
   1.9000000000000001                     37661
   1.9100000000000001                     37873
   1.9199999999999999                     38060
   1.9299999999999999                     38284
   1.9399999999999999                     38457
   1.9500000000000000                     38682
   1.9600000000000000                     38944
   1.9700000000000000                     39159
   1.9800000000000000                     39385
   1.9900000000000000                     39572
   2.0000000000000000                     39787
   2.0100000000000002                     40031
   2.0200000000000000                     40229
   2.0300000000000002                     40483
   2.0400000000000000                     40673
   2.0499999999999998                     40909
   2.0600000000000001                     41091
   2.0699999999999998                     41296
   2.0800000000000001                     41548
   2.0899999999999999                     41754
   2.1000000000000001                     41967
   2.1099999999999999                     42193
   2.1200000000000001                     42401
   2.1299999999999999                     42608
   2.1400000000000001                     42835
   2.1499999999999999                     43052
   2.1600000000000001                     43271
   2.1699999999999999                     43504
   2.1800000000000002                     43701
   2.1899999999999999                     43930
   2.2000000000000002                     44183
   2.2100000000000000                     44400
   2.2200000000000002                     44672
   2.2300000000000000                     44863
   2.2400000000000002                     45049
   2.2500000000000000                     45222
   2.2600000000000002                     45467
   2.2700000000000000                     45687
   2.2800000000000002                     45957
   2.2900000000000000                     46172
   2.3000000000000003                     46411
   2.3100000000000001                     46680
   2.3199999999999998                     46917
   2.3300000000000001                     47165
   2.3399999999999999                     47356
   2.3500000000000001                     47622
   2.3599999999999999                     47864
   2.3700000000000001                     48068
   2.3799999999999999                     48325
   2.3900000000000001                     48575
   2.3999999999999999                     48843
   2.4100000000000001                     49089
   2.4199999999999999                     49358
   2.4300000000000002                     49601
   2.4399999999999999                     49847
   2.4500000000000002                     50058
   2.4600000000000000                     50321
   2.4700000000000002                     50518
   2.4800000000000000                     50711
   2.4900000000000002                     50949
   2.5000000000000000                     51174
   2.5100000000000002                     51402
   2.5200000000000000                     51641
   2.5300000000000002                     51887
   2.5400000000000000                     52123
   2.5500000000000003                     52302
   2.5600000000000001                     52553
   2.5699999999999998                     52739
   2.5800000000000001                     53006
   2.5899999999999999                     53257
   2.6000000000000001                     53547
   2.6099999999999999                     53780
   2.6200000000000001                     54037
   2.6299999999999999                     54311
   2.6400000000000001                     54561
   2.6499999999999999                     54762
   2.6600000000000001                     55011
   2.6699999999999999                     55295
   2.6800000000000002                     55505
   2.6899999999999999                     55774
   2.7000000000000002                     56062
   2.7100000000000000                     56297
   2.7200000000000002                     56555
   2.7300000000000000                     56855
   2.7400000000000002                     57077
   2.7500000000000000                     57335
   2.7600000000000002                     57632
   2.7700000000000000                     57851
   2.7800000000000002                     58094
   2.7900000000000000                     58324
   2.8000000000000003                     58571
   2.8100000000000001                     58848
   2.8199999999999998                     59111
   2.8300000000000001                     59392
   2.8399999999999999                     59632
   2.8500000000000001                     59931
   2.8599999999999999                     60188
   2.8700000000000001                     60412
   2.8799999999999999                     60653
   2.8900000000000001                     60879
   2.8999999999999999                     61118
   2.9100000000000001                     61364
   2.9199999999999999                     61603
   2.9300000000000002                     61837
   2.9399999999999999                     62054
   2.9500000000000002                     62304
   2.9600000000000000                     62612
   2.9700000000000002                     62906
   2.9800000000000000                     63194
   2.9900000000000002                     63429
   3.0000000000000000                     63723
   3.0100000000000002                     63970
   3.0200000000000000                     64235
   3.0300000000000002                     64472
   3.0400000000000000                     64734
   3.0500000000000003                     64982
   3.0600000000000001                     65257
   3.0700000000000003                     65533
   3.0800000000000001                     65735
   3.0899999999999999                     65970
   3.1000000000000001                     66225
   3.1099999999999999                     66501
   3.1200000000000001                     66789
   3.1299999999999999                     67063
   3.1400000000000001                     67358
   3.1499999999999999                     67646
   3.1600000000000001                     67908
   3.1699999999999999                     68134
   3.1800000000000002                     68418
   3.1899999999999999                     68674
   3.2000000000000002                     68918
   3.2100000000000000                     69199
   3.2200000000000002                     69488
   3.2300000000000000                     69830
   3.2400000000000002                     70109
   3.2500000000000000                     70379
   3.2600000000000002                     70655
   3.2700000000000000                     70879
   3.2800000000000002                     71172
   3.2900000000000000                     71386
   3.3000000000000003                     71622
   3.3100000000000001                     71840
   3.3200000000000003                     72150
   3.3300000000000001                     72413
   3.3399999999999999                     72693
   3.3500000000000001                     72972
   3.3599999999999999                     73230
   3.3700000000000001                     73463
   3.3799999999999999                     73716
   3.3900000000000001                     73961
   3.3999999999999999                     74231
   3.4100000000000001                     74479
   3.4199999999999999                     74769
   3.4300000000000002                     74969
   3.4399999999999999                     75295
   3.4500000000000002                     75597
   3.4600000000000000                     75832
   3.4700000000000002                     76089
   3.4800000000000000                     76289
   3.4900000000000002                     76549
   3.5000000000000000                     76846
   3.5100000000000002                     77107
   3.5200000000000000                     77336
   3.5300000000000002                     77602
   3.5400000000000000                     77857
   3.5500000000000003                     78084
   3.5600000000000001                     78272
   3.5700000000000003                     78513
   3.5800000000000001                     78796
   3.5899999999999999                     79139
   3.6000000000000001                     79367
   3.6099999999999999                     79683
   3.6200000000000001                     79985
   3.6299999999999999                     80283
   3.6400000000000001                     80612
   3.6499999999999999                     80846
   3.6600000000000001                     81135
   3.6699999999999999                     81353
   3.6800000000000002                     81663
   3.6899999999999999                     81920
   3.7000000000000002                     82165
   3.7100000000000000                     82447
   3.7200000000000002                     82735
   3.7300000000000000                     83019
   3.7400000000000002                     83302
   3.7500000000000000                     83632
   3.7600000000000002                     83844
   3.7700000000000000                     84148
   3.7800000000000002                     84391
   3.7900000000000000                     84700
   3.8000000000000003                     84979
   3.8100000000000001                     85201
   3.8200000000000003                     85468
   3.8300000000000001                     85697
   3.8399999999999999                     85955
   3.8500000000000001                     86145
   3.8599999999999999                     86476
   3.8700000000000001                     86756
   3.8799999999999999                     86984
   3.8900000000000001                     87226
   3.8999999999999999                     87505
   3.9100000000000001                     87785
   3.9199999999999999                     88063
   3.9300000000000002                     88373
   3.9399999999999999                     88662
   3.9500000000000002                     88919
   3.9600000000000000                     89151
   3.9700000000000002                     89395
   3.9800000000000000                     89713
   3.9900000000000002                     89937
   4.0000000000000000                     90127
   4.0099999999999998                     90368
   4.0200000000000005                     90587
   4.0300000000000002                     90904
   4.0400000000000000                     91167
   4.0499999999999998                     91458
   4.0600000000000005                     91695
   4.0700000000000003                     91972
   4.0800000000000001                     92241
   4.0899999999999999                     92533
   4.0999999999999996                     92777
   4.1100000000000003                     92968
   4.1200000000000001                     93214
   4.1299999999999999                     93544
   4.1399999999999997                     93793
   4.1500000000000004                     94086
   4.1600000000000001                     94369
   4.1699999999999999                     94623
   4.1799999999999997                     94858
   4.1900000000000004                     95163
   4.2000000000000002                     95415
   4.2100000000000000                     95674
   4.2199999999999998                     95966
   4.2300000000000004                     96175
   4.2400000000000002                     96404
   4.2500000000000000                     96605
   4.2599999999999998                     96840
   4.2700000000000005                     97069
   4.2800000000000002                     97296
   4.2900000000000000                     97538
   4.2999999999999998                     97805
   4.3100000000000005                     98046
   4.3200000000000003                     98258
   4.3300000000000001                     98504
   4.3399999999999999                     98691
   4.3500000000000005                     98951
   4.3600000000000003                     99222
   4.3700000000000001                     99472
   4.3799999999999999                     99722
   4.3899999999999997                     99987
   4.4000000000000004                    100234
   4.4100000000000001                    100479
   4.4199999999999999                    100676
   4.4299999999999997                    101000
   4.4400000000000004                    101283
   4.4500000000000002                    101527
   4.4600000000000000                    101793
   4.4699999999999998                    102076
   4.4800000000000004                    102284
   4.4900000000000002                    102510
   4.5000000000000000                    102705
   4.5099999999999998                    102935
   4.5200000000000005                    103183
   4.5300000000000002                    103393
   4.5400000000000000                    103524
   4.5499999999999998                    103773
   4.5600000000000005                    103998
   4.5700000000000003                    104268
   4.5800000000000001                    104486
   4.5899999999999999                    104733
   4.6000000000000005                    104978
   4.6100000000000003                    105253
   4.6200000000000001                    105450
   4.6299999999999999                    105652
   4.6399999999999997                    105831
   4.6500000000000004                    106003
   4.6600000000000001                    106320
   4.6699999999999999                    106558
   4.6799999999999997                    106788
   4.6900000000000004                    107027
   4.7000000000000002                    107226
   4.7100000000000000                    107412
   4.7199999999999998                    107644
   4.7300000000000004                    107830
   4.7400000000000002                    108073
   4.7500000000000000                    108326
   4.7599999999999998                    108617
   4.7700000000000005                    108897
   4.7800000000000002                    109097
   4.7900000000000000                    109290
   4.7999999999999998                    109519
   4.8100000000000005                    109836
   4.8200000000000003                    110091
   4.8300000000000001                    110385
   4.8399999999999999                    110643
   4.8500000000000005                    110832
   4.8600000000000003                    111052
   4.8700000000000001                    111264
   4.8799999999999999                    111465
   4.8899999999999997                    111654
   4.9000000000000004                    111805
   4.9100000000000001                    111989
   4.9199999999999999                    112205
   4.9299999999999997                    112430
   4.9400000000000004                    112627
   4.9500000000000002                    112866
   4.9600000000000000                    113085
   4.9699999999999998                    113294
   4.9800000000000004                    113538
   4.9900000000000002                    113730
   5.0000000000000000                    113966
   5.0099999999999998                    114202
   5.0200000000000005                    114402
   5.0300000000000002                    114613
   5.0400000000000000                    114785
   5.0499999999999998                    114990
   5.0600000000000005                    115193
   5.0700000000000003                    115440
   5.0800000000000001                    115595
   5.0899999999999999                    115797
   5.1000000000000005                    115970
   5.1100000000000003                    116166
   5.1200000000000001                    116360
   5.1299999999999999                    116631
   5.1399999999999997                    116830
   5.1500000000000004                    116893
   5.1600000000000001                    117058
   5.1699999999999999                    117271
   5.1799999999999997                    117525
   5.1900000000000004                    117751
   5.2000000000000002                    117986
   5.2100000000000000                    118172
   5.2199999999999998                    118380
   5.2300000000000004                    118519
   5.2400000000000002                    118704
   5.2500000000000000                    118889
   5.2599999999999998                    119076
   5.2700000000000005                    119351
   5.2800000000000002                    119475
   5.2900000000000000                    119686
   5.2999999999999998                    119808
   5.3100000000000005                    119968
   5.3200000000000003                    120162
   5.3300000000000001                    120348
   5.3399999999999999                    120567
   5.3500000000000005                    120740
   5.3600000000000003                    120920
   5.3700000000000001                    121089
   5.3799999999999999                    121265
   5.3899999999999997                    121399
   5.4000000000000004                    121570
   5.4100000000000001                    121746
   5.4199999999999999                    121853
   5.4299999999999997                    122018
   5.4400000000000004                    122156
   5.4500000000000002                    122266
   5.4600000000000000                    122462
   5.4699999999999998                    122633
   5.4800000000000004                    122771
   5.4900000000000002                    122885
   5.5000000000000000                    123001
   5.5099999999999998                    123161
   5.5200000000000005                    123358
   5.5300000000000002                    123505
   5.5400000000000000                    123648
   5.5499999999999998                    123799
   5.5600000000000005                    123957
   5.5700000000000003                    124161
   5.5800000000000001                    124339
   5.5899999999999999                    124561
   5.6000000000000005                    124747
   5.6100000000000003                    124906
   5.6200000000000001                    125059
   5.6299999999999999                    125217
   5.6399999999999997                    125346
   5.6500000000000004                    125489
   5.6600000000000001                    125633
   5.6699999999999999                    125747
   5.6799999999999997                    125851
   5.6900000000000004                    125991
   5.7000000000000002                    126148
   5.7100000000000000                    126253
   5.7199999999999998                    126400
   5.7300000000000004                    126547
   5.7400000000000002                    126725
   5.7500000000000000                    126832
   5.7599999999999998                    126982
   5.7700000000000005                    127121
   5.7800000000000002                    127237
   5.7900000000000000                    127384
   5.7999999999999998                    127502
   5.8100000000000005                    127560
   5.8200000000000003                    127729
   5.8300000000000001                    127854
   5.8399999999999999                    128059
   5.8500000000000005                    128150
   5.8600000000000003                    128281
   5.8700000000000001                    128392
   5.8799999999999999                    128510
   5.8899999999999997                    128620
   5.9000000000000004                    128721
   5.9100000000000001                    128830
   5.9199999999999999                    128946
   5.9299999999999997                    129033
   5.9400000000000004                    129192
   5.9500000000000002                    129317
   5.9600000000000000                    129408
   5.9699999999999998                    129495
   5.9800000000000004                    129595
   5.9900000000000002                    129693
   6.0000000000000000                    129801
   6.0099999999999998                    129887
   6.0200000000000005                    129920
   6.0300000000000002                    130001
   6.0400000000000000                    130054
   6.0499999999999998                    130127
   6.0600000000000005                    130225
   6.0700000000000003                    130301
   6.0800000000000001                    130380
   6.0899999999999999                    130403
   6.1000000000000005                    130483
   6.1100000000000003                    130545
   6.1200000000000001                    130609
   6.1299999999999999                    130597
   6.1400000000000006                    130678
   6.1500000000000004                    130735
   6.1600000000000001                    130765
   6.1699999999999999                    130822
   6.1799999999999997                    130843
   6.1900000000000004                    130837
   6.2000000000000002                    130933
   6.2100000000000000                    130970
   6.2199999999999998                    130969
   6.2300000000000004                    131104
   6.2400000000000002                    131182
   6.2500000000000000                    131203
   6.2599999999999998                    131238
   6.2700000000000005                    131272
   6.2800000000000002                    131306
   6.2900000000000000                    131320
   6.2999999999999998                    131318
   6.3100000000000005                    131376
   6.3200000000000003                    131399
   6.3300000000000001                    131432
   6.3399999999999999                    131453
   6.3500000000000005                    131460
   6.3600000000000003                    131524
   6.3700000000000001                    131544
   6.3799999999999999                    131551
   6.3900000000000006                    131602
   6.4000000000000004                    131612
   6.4100000000000001                    131634
   6.4199999999999999                    131701
   6.4299999999999997                    131765
   6.4400000000000004                    131783
   6.4500000000000002                    131831
   6.4600000000000000                    131846
   6.4699999999999998                    131842
   6.4800000000000004                    131866
   6.4900000000000002                    131846
   6.5000000000000000                    131852
   6.5099999999999998                    131931
   6.5200000000000005                    131942
   6.5300000000000002                    131955
   6.5400000000000000                    131949
   6.5499999999999998                    131946
   6.5600000000000005                    131931
   6.5700000000000003                    131909
   6.5800000000000001                    131899
   6.5899999999999999                    131874
   6.6000000000000005                    131908
   6.6100000000000003                    131894
   6.6200000000000001                    131902
   6.6299999999999999                    131918
   6.6400000000000006                    131927
   6.6500000000000004                    131910
   6.6600000000000001                    131898
   6.6699999999999999                    131865
   6.6799999999999997                    131881
   6.6900000000000004                    131858
   6.7000000000000002                    131832
   6.7100000000000000                    131821
   6.7199999999999998                    131842
   6.7300000000000004                    131750
   6.7400000000000002                    131808
   6.7500000000000000                    131792
   6.7599999999999998                    131878
   6.7700000000000005                    131803
   6.7800000000000002                    131777
   6.7900000000000000                    131811
   6.7999999999999998                    131755
   6.8100000000000005                    131724
   6.8200000000000003                    131605
   6.8300000000000001                    131545
   6.8399999999999999                    131465
   6.8500000000000005                    131442
   6.8600000000000003                    131418
   6.8700000000000001                    131367
   6.8799999999999999                    131264
   6.8900000000000006                    131152
   6.9000000000000004                    131078
   6.9100000000000001                    131030
   6.9199999999999999                    130932
   6.9299999999999997                    130850
   6.9400000000000004                    130821
   6.9500000000000002                    130761
   6.9600000000000000                    130719
   6.9699999999999998                    130643
   6.9800000000000004                    130536
   6.9900000000000002                    130496
   7.0000000000000000                    130466
   7.0099999999999998                    130404
   7.0200000000000005                    130299
   7.0300000000000002                    130134
   7.0400000000000000                    130048
   7.0499999999999998                    129967
   7.0600000000000005                    129905
   7.0700000000000003                    129803
   7.0800000000000001                    129738
   7.0899999999999999                    129679
   7.1000000000000005                    129590
   7.1100000000000003                    129510
   7.1200000000000001                    129390
   7.1299999999999999                    129274
   7.1400000000000006                    129182
   7.1500000000000004                    129110
   7.1600000000000001                    128949
   7.1699999999999999                    128839
   7.1799999999999997                    128725
   7.1900000000000004                    128611
   7.2000000000000002                    128488
   7.2100000000000000                    128396
   7.2199999999999998                    128254
   7.2300000000000004                    128136
   7.2400000000000002                    128001
   7.2500000000000000                    127893
   7.2599999999999998                    127802
   7.2700000000000005                    127670
   7.2800000000000002                    127580
   7.2900000000000000                    127426
   7.2999999999999998                    127252
   7.3100000000000005                    127234
   7.3200000000000003                    127112
   7.3300000000000001                    126947
   7.3399999999999999                    126849
   7.3500000000000005                    126687
   7.3600000000000003                    126543
   7.3700000000000001                    126387
   7.3799999999999999                    126280
   7.3900000000000006                    126144
   7.4000000000000004                    125967
   7.4100000000000001                    125795
   7.4199999999999999                    125669
   7.4299999999999997                    125606
   7.4400000000000004                    125473
   7.4500000000000002                    125335
   7.4600000000000000                    125161
   7.4699999999999998                    125077
   7.4800000000000004                    124928
   7.4900000000000002                    124802
   7.5000000000000000                    124650
   7.5099999999999998                    124526
   7.5200000000000005                    124430
   7.5300000000000002                    124264
   7.5400000000000000                    124127
   7.5499999999999998                    123905
   7.5600000000000005                    123750
   7.5700000000000003                    123520
   7.5800000000000001                    123363
   7.5899999999999999                    123206
   7.6000000000000005                    123055
   7.6100000000000003                    122871
   7.6200000000000001                    122712
   7.6299999999999999                    122538
   7.6400000000000006                    122364
   7.6500000000000004                    122159
   7.6600000000000001                    121958
   7.6699999999999999                    121781
   7.6799999999999997                    121589
   7.6900000000000004                    121357
   7.7000000000000002                    121190
   7.7100000000000000                    120940
   7.7199999999999998                    120789
   7.7300000000000004                    120631
   7.7400000000000002                    120413
   7.7500000000000000                    120203
   7.7599999999999998                    120037
   7.7700000000000005                    119827
   7.7800000000000002                    119658
   7.7900000000000000                    119470
   7.7999999999999998                    119313
   7.8100000000000005                    119137
   7.8200000000000003                    118944
   7.8300000000000001                    118771
   7.8399999999999999                    118559
   7.8500000000000005                    118361
   7.8600000000000003                    118179
   7.8700000000000001                    118011
   7.8799999999999999                    117769
   7.8900000000000006                    117547
   7.9000000000000004                    117366
   7.9100000000000001                    117192
   7.9199999999999999                    116994
   7.9300000000000006                    116718
   7.9400000000000004                    116578
   7.9500000000000002                    116440
   7.9600000000000000                    116291
   7.9699999999999998                    116120
   7.9800000000000004                    115911
   7.9900000000000002                    115759
   8.0000000000000000                    115561
   8.0099999999999998                    115400
   8.0199999999999996                    115218
   8.0299999999999994                    114967
   8.0400000000000009                    114819
   8.0500000000000007                    114586
   8.0600000000000005                    114383
   8.0700000000000003                    114205
   8.0800000000000001                    113943
   8.0899999999999999                    113725
   8.0999999999999996                    113530
   8.1099999999999994                    113315
   8.1200000000000010                    113125
   8.1300000000000008                    112913
   8.1400000000000006                    112644
   8.1500000000000004                    112423
   8.1600000000000001                    112151
   8.1699999999999999                    111929
   8.1799999999999997                    111708
   8.1899999999999995                    111447
   8.1999999999999993                    111211
   8.2100000000000009                    110997
   8.2200000000000006                    110740
   8.2300000000000004                    110508
   8.2400000000000002                    110309
   8.2500000000000000                    110047
   8.2599999999999998                    109798
   8.2699999999999996                    109554
   8.2799999999999994                    109370
   8.2900000000000009                    109136
   8.3000000000000007                    108877
   8.3100000000000005                    108591
   8.3200000000000003                    108386
   8.3300000000000001                    108149
   8.3399999999999999                    107903
   8.3499999999999996                    107642
   8.3599999999999994                    107430
   8.3700000000000010                    107205
   8.3800000000000008                    106908
   8.3900000000000006                    106654
   8.4000000000000004                    106433
   8.4100000000000001                    106165
   8.4199999999999999                    105933
   8.4299999999999997                    105695
   8.4399999999999995                    105456
   8.4499999999999993                    105190
   8.4600000000000009                    104986
   8.4700000000000006                    104752
   8.4800000000000004                    104449
   8.4900000000000002                    104201
   8.5000000000000000                    103992
   8.5099999999999998                    103751
   8.5199999999999996                    103474
   8.5299999999999994                    103252
   8.5400000000000009                    103019
   8.5500000000000007                    102792
   8.5600000000000005                    102532
   8.5700000000000003                    102308
   8.5800000000000001                    102112
   8.5899999999999999                    101876
   8.5999999999999996                    101624
   8.6099999999999994                    101402
   8.6200000000000010                    101115
   8.6300000000000008                    100846
   8.6400000000000006                    100573
   8.6500000000000004                    100286
   8.6600000000000001                    100055
   8.6699999999999999                     99771
   8.6799999999999997                     99548
   8.6899999999999995                     99257
   8.7000000000000011                     99025
   8.7100000000000009                     98780
   8.7200000000000006                     98541
   8.7300000000000004                     98320
   8.7400000000000002                     98091
   8.7500000000000000                     97867
   8.7599999999999998                     97664
   8.7699999999999996                     97473
   8.7799999999999994                     97189
   8.7900000000000009                     96998
   8.8000000000000007                     96764
   8.8100000000000005                     96526
   8.8200000000000003                     96280
   8.8300000000000001                     96031
   8.8399999999999999                     95790
   8.8499999999999996                     95567
   8.8599999999999994                     95325
   8.8700000000000010                     95072
   8.8800000000000008                     94877
   8.8900000000000006                     94619
   8.9000000000000004                     94373
   8.9100000000000001                     94140
   8.9199999999999999                     93908
   8.9299999999999997                     93689
   8.9399999999999995                     93421
   8.9500000000000011                     93181
   8.9600000000000009                     92954
   8.9700000000000006                     92738
   8.9800000000000004                     92482
   8.9900000000000002                     92277
   9.0000000000000000                     92046
   9.0099999999999998                     91817
   9.0199999999999996                     91591
   9.0299999999999994                     91317
   9.0400000000000009                     91070
   9.0500000000000007                     90803
   9.0600000000000005                     90557
   9.0700000000000003                     90342
   9.0800000000000001                     90065
   9.0899999999999999                     89795
   9.0999999999999996                     89576
   9.1099999999999994                     89356
   9.1200000000000010                     89081
   9.1300000000000008                     88811
   9.1400000000000006                     88532
   9.1500000000000004                     88279
   9.1600000000000001                     88038
   9.1699999999999999                     87772
   9.1799999999999997                     87552
   9.1899999999999995                     87281
   9.2000000000000011                     87103
   9.2100000000000009                     86861
   9.2200000000000006                     86619
   9.2300000000000004                     86330
   9.2400000000000002                     86106
   9.2500000000000000                     85856
   9.2599999999999998                     85622
   9.2699999999999996                     85407
   9.2799999999999994                     85133
   9.2900000000000009                     84922
   9.3000000000000007                     84706
   9.3100000000000005                     84402
   9.3200000000000003                     84119
   9.3300000000000001                     83908
   9.3399999999999999                     83641
   9.3499999999999996                     83408
   9.3599999999999994                     83145
   9.3700000000000010                     82864
   9.3800000000000008                     82622
   9.3900000000000006                     82373
   9.4000000000000004                     82093
   9.4100000000000001                     81826
   9.4199999999999999                     81607
   9.4299999999999997                     81327
   9.4399999999999995                     81080
   9.4500000000000011                     80825
   9.4600000000000009                     80565
   9.4700000000000006                     80336
   9.4800000000000004                     80043
   9.4900000000000002                     79767
   9.5000000000000000                     79500
   9.5099999999999998                     79271
   9.5199999999999996                     78983
   9.5299999999999994                     78742
   9.5400000000000009                     78473
   9.5500000000000007                     78251
   9.5600000000000005                     78009
   9.5700000000000003                     77781
   9.5800000000000001                     77528
   9.5899999999999999                     77302
   9.5999999999999996                     77075
   9.6099999999999994                     76830
   9.6200000000000010                     76592
   9.6300000000000008                     76282
   9.6400000000000006                     76046
   9.6500000000000004                     75815
   9.6600000000000001                     75612
   9.6699999999999999                     75358
   9.6799999999999997                     75142
   9.6899999999999995                     74913
   9.7000000000000011                     74652
   9.7100000000000009                     74424
   9.7200000000000006                     74149
   9.7300000000000004                     73895
   9.7400000000000002                     73602
   9.7500000000000000                     73350
   9.7599999999999998                     73064
   9.7699999999999996                     72832
   9.7799999999999994                     72632
   9.7900000000000009                     72359
   9.8000000000000007                     72135
   9.8100000000000005                     71864
   9.8200000000000003                     71620
   9.8300000000000001                     71398
   9.8399999999999999                     71162
   9.8499999999999996                     70925
   9.8599999999999994                     70692
   9.8700000000000010                     70442
   9.8800000000000008                     70175
   9.8900000000000006                     69972
   9.9000000000000004                     69758
   9.9100000000000001                     69561
   9.9199999999999999                     69346
   9.9299999999999997                     69115
   9.9399999999999995                     68913
   9.9500000000000011                     68693
   9.9600000000000009                     68477
   9.9700000000000006                     68206
   9.9800000000000004                     67930
   9.9900000000000002                     67694
   10.000000000000000                     67500
