   0.0000000000000000                         0
   1.0000000000000000E-002                  206
   2.0000000000000000E-002                  413
   2.9999999999999999E-002                  632
   4.0000000000000001E-002                  861
   5.0000000000000003E-002                 1062
   5.9999999999999998E-002                 1233
   7.0000000000000007E-002                 1408
   8.0000000000000002E-002                 1609
   8.9999999999999997E-002                 1806
  0.10000000000000001                      2008
  0.11000000000000000                      2221
  0.12000000000000000                      2381
  0.13000000000000000                      2558
  0.14000000000000001                      2779
  0.14999999999999999                      2979
  0.16000000000000000                      3158
  0.17000000000000001                      3365
  0.17999999999999999                      3577
  0.19000000000000000                      3767
  0.20000000000000001                      3985
  0.20999999999999999                      4182
  0.22000000000000000                      4401
  0.23000000000000001                      4607
  0.23999999999999999                      4794
  0.25000000000000000                      4987
  0.26000000000000001                      5213
  0.27000000000000002                      5422
  0.28000000000000003                      5621
  0.28999999999999998                      5799
  0.29999999999999999                      5988
  0.31000000000000000                      6213
  0.32000000000000001                      6457
  0.33000000000000002                      6666
  0.34000000000000002                      6909
  0.35000000000000003                      7121
  0.35999999999999999                      7332
  0.37000000000000000                      7499
  0.38000000000000000                      7707
  0.39000000000000001                      7905
  0.40000000000000002                      8097
  0.41000000000000003                      8307
  0.41999999999999998                      8509
  0.42999999999999999                      8732
  0.44000000000000000                      8957
  0.45000000000000001                      9178
  0.46000000000000002                      9390
  0.47000000000000003                      9619
  0.47999999999999998                      9853
  0.48999999999999999                     10051
  0.50000000000000000                     10269
  0.51000000000000001                     10480
  0.52000000000000002                     10690
  0.53000000000000003                     10894
  0.54000000000000004                     11116
  0.55000000000000004                     11336
  0.56000000000000005                     11556
  0.57000000000000006                     11763
  0.57999999999999996                     11966
  0.58999999999999997                     12198
  0.59999999999999998                     12401
  0.60999999999999999                     12580
  0.62000000000000000                     12772
  0.63000000000000000                     12983
  0.64000000000000001                     13190
  0.65000000000000002                     13397
  0.66000000000000003                     13604
  0.67000000000000004                     13826
  0.68000000000000005                     14034
  0.69000000000000006                     14251
  0.70000000000000007                     14457
  0.70999999999999996                     14635
  0.71999999999999997                     14853
  0.72999999999999998                     15061
  0.73999999999999999                     15268
  0.75000000000000000                     15467
  0.76000000000000001                     15672
  0.77000000000000002                     15898
  0.78000000000000003                     16082
  0.79000000000000004                     16346
  0.80000000000000004                     16571
  0.81000000000000005                     16792
  0.82000000000000006                     16971
  0.83000000000000007                     17165
  0.83999999999999997                     17361
  0.84999999999999998                     17573
  0.85999999999999999                     17765
  0.87000000000000000                     17957
  0.88000000000000000                     18171
  0.89000000000000001                     18399
  0.90000000000000002                     18626
  0.91000000000000003                     18816
  0.92000000000000004                     19027
  0.93000000000000005                     19230
  0.94000000000000006                     19413
  0.95000000000000007                     19593
  0.95999999999999996                     19796
  0.96999999999999997                     20019
  0.97999999999999998                     20236
  0.98999999999999999                     20448
   1.0000000000000000                     20657
   1.0100000000000000                     20870
   1.0200000000000000                     21080
   1.0300000000000000                     21328
   1.0400000000000000                     21558
   1.0500000000000000                     21793
   1.0600000000000001                     22013
   1.0700000000000001                     22241
   1.0800000000000001                     22412
   1.0900000000000001                     22624
   1.1000000000000001                     22840
   1.1100000000000001                     23065
   1.1200000000000001                     23307
   1.1300000000000001                     23519
   1.1400000000000001                     23704
   1.1500000000000001                     23927
   1.1599999999999999                     24137
   1.1699999999999999                     24369
   1.1799999999999999                     24591
   1.1899999999999999                     24779
   1.2000000000000000                     24964
   1.2100000000000000                     25167
   1.2200000000000000                     25356
   1.2300000000000000                     25609
   1.2400000000000000                     25812
   1.2500000000000000                     26037
   1.2600000000000000                     26244
   1.2700000000000000                     26435
   1.2800000000000000                     26649
   1.2900000000000000                     26836
   1.3000000000000000                     27094
   1.3100000000000001                     27359
   1.3200000000000001                     27566
   1.3300000000000001                     27835
   1.3400000000000001                     28030
   1.3500000000000001                     28237
   1.3600000000000001                     28474
   1.3700000000000001                     28718
   1.3800000000000001                     28932
   1.3900000000000001                     29165
   1.4000000000000001                     29369
   1.4099999999999999                     29576
   1.4199999999999999                     29790
   1.4299999999999999                     30066
   1.4399999999999999                     30257
   1.4500000000000000                     30524
   1.4600000000000000                     30726
   1.4700000000000000                     30937
   1.4800000000000000                     31216
   1.4900000000000000                     31435
   1.5000000000000000                     31629
   1.5100000000000000                     31875
   1.5200000000000000                     32110
   1.5300000000000000                     32375
   1.5400000000000000                     32619
   1.5500000000000000                     32848
   1.5600000000000001                     33039
   1.5700000000000001                     33290
   1.5800000000000001                     33533
   1.5900000000000001                     33744
   1.6000000000000001                     33986
   1.6100000000000001                     34208
   1.6200000000000001                     34443
   1.6300000000000001                     34653
   1.6400000000000001                     34916
   1.6500000000000001                     35162
   1.6600000000000001                     35384
   1.6699999999999999                     35629
   1.6799999999999999                     35861
   1.6899999999999999                     36096
   1.7000000000000000                     36340
   1.7100000000000000                     36584
   1.7200000000000000                     36833
   1.7300000000000000                     37076
   1.7400000000000000                     37331
   1.7500000000000000                     37544
   1.7600000000000000                     37717
   1.7700000000000000                     37924
   1.7800000000000000                     38193
   1.7900000000000000                     38467
   1.8000000000000000                     38701
   1.8100000000000001                     38903
   1.8200000000000001                     39143
   1.8300000000000001                     39413
   1.8400000000000001                     39646
   1.8500000000000001                     39881
   1.8600000000000001                     40093
   1.8700000000000001                     40332
   1.8800000000000001                     40570
   1.8900000000000001                     40790
   1.9000000000000001                     41025
   1.9100000000000001                     41239
   1.9199999999999999                     41498
   1.9299999999999999                     41748
   1.9399999999999999                     42001
   1.9500000000000000                     42215
   1.9600000000000000                     42432
   1.9700000000000000                     42690
   1.9800000000000000                     42974
   1.9900000000000000                     43233
   2.0000000000000000                     43443
   2.0100000000000002                     43655
   2.0200000000000000                     43861
   2.0300000000000002                     44123
   2.0400000000000000                     44363
   2.0499999999999998                     44616
   2.0600000000000001                     44834
   2.0699999999999998                     45084
   2.0800000000000001                     45308
   2.0899999999999999                     45578
   2.1000000000000001                     45818
   2.1099999999999999                     46086
   2.1200000000000001                     46338
   2.1299999999999999                     46587
   2.1400000000000001                     46791
   2.1499999999999999                     47056
   2.1600000000000001                     47351
   2.1699999999999999                     47600
   2.1800000000000002                     47829
   2.1899999999999999                     48074
   2.2000000000000002                     48329
   2.2100000000000000                     48583
   2.2200000000000002                     48831
   2.2300000000000000                     49106
   2.2400000000000002                     49339
   2.2500000000000000                     49586
   2.2600000000000002                     49882
   2.2700000000000000                     50104
   2.2800000000000002                     50361
   2.2900000000000000                     50628
   2.3000000000000003                     50868
   2.3100000000000001                     51162
   2.3199999999999998                     51383
   2.3300000000000001                     51650
   2.3399999999999999                     51894
   2.3500000000000001                     52102
   2.3599999999999999                     52379
   2.3700000000000001                     52686
   2.3799999999999999                     52940
   2.3900000000000001                     53221
   2.3999999999999999                     53516
   2.4100000000000001                     53730
   2.4199999999999999                     53919
   2.4300000000000002                     54210
   2.4399999999999999                     54484
   2.4500000000000002                     54757
   2.4600000000000000                     55015
   2.4700000000000002                     55262
   2.4800000000000000                     55554
   2.4900000000000002                     55807
   2.5000000000000000                     56113
   2.5100000000000002                     56391
   2.5200000000000000                     56671
   2.5300000000000002                     56945
   2.5400000000000000                     57214
   2.5500000000000003                     57464
   2.5600000000000001                     57683
   2.5699999999999998                     57951
   2.5800000000000001                     58206
   2.5899999999999999                     58443
   2.6000000000000001                     58744
   2.6099999999999999                     58984
   2.6200000000000001                     59247
   2.6299999999999999                     59518
   2.6400000000000001                     59789
   2.6499999999999999                     60059
   2.6600000000000001                     60325
   2.6699999999999999                     60613
   2.6800000000000002                     60878
   2.6899999999999999                     61103
   2.7000000000000002                     61335
   2.7100000000000000                     61633
   2.7200000000000002                     61903
   2.7300000000000000                     62138
   2.7400000000000002                     62408
   2.7500000000000000                     62635
   2.7600000000000002                     62877
   2.7700000000000000                     63152
   2.7800000000000002                     63421
   2.7900000000000000                     63651
   2.8000000000000003                     63929
   2.8100000000000001                     64207
   2.8199999999999998                     64458
   2.8300000000000001                     64676
   2.8399999999999999                     64952
   2.8500000000000001                     65208
   2.8599999999999999                     65462
   2.8700000000000001                     65725
   2.8799999999999999                     65945
   2.8900000000000001                     66197
   2.8999999999999999                     66456
   2.9100000000000001                     66728
   2.9199999999999999                     66973
   2.9300000000000002                     67249
   2.9399999999999999                     67524
   2.9500000000000002                     67793
   2.9600000000000000                     68089
   2.9700000000000002                     68403
   2.9800000000000000                     68656
   2.9900000000000002                     68941
   3.0000000000000000                     69213
   3.0100000000000002                     69527
   3.0200000000000000                     69782
   3.0300000000000002                     70070
   3.0400000000000000                     70352
   3.0500000000000003                     70612
   3.0600000000000001                     70832
   3.0700000000000003                     71080
   3.0800000000000001                     71368
   3.0899999999999999                     71602
   3.1000000000000001                     71849
   3.1099999999999999                     72074
   3.1200000000000001                     72330
   3.1299999999999999                     72658
   3.1400000000000001                     72920
   3.1499999999999999                     73235
   3.1600000000000001                     73502
   3.1699999999999999                     73820
   3.1800000000000002                     74088
   3.1899999999999999                     74330
   3.2000000000000002                     74566
   3.2100000000000000                     74849
   3.2200000000000002                     75161
   3.2300000000000000                     75426
   3.2400000000000002                     75713
   3.2500000000000000                     75957
   3.2600000000000002                     76262
   3.2700000000000000                     76551
   3.2800000000000002                     76886
   3.2900000000000000                     77148
   3.3000000000000003                     77450
   3.3100000000000001                     77711
   3.3200000000000003                     77977
   3.3300000000000001                     78275
   3.3399999999999999                     78529
   3.3500000000000001                     78763
   3.3599999999999999                     79040
   3.3700000000000001                     79316
   3.3799999999999999                     79584
   3.3900000000000001                     79832
   3.3999999999999999                     80093
   3.4100000000000001                     80349
   3.4199999999999999                     80648
   3.4300000000000002                     80961
   3.4399999999999999                     81270
   3.4500000000000002                     81537
   3.4600000000000000                     81869
   3.4700000000000002                     82200
   3.4800000000000000                     82483
   3.4900000000000002                     82800
   3.5000000000000000                     83091
   3.5100000000000002                     83355
   3.5200000000000000                     83665
   3.5300000000000002                     83955
   3.5400000000000000                     84233
   3.5500000000000003                     84522
   3.5600000000000001                     84811
   3.5700000000000003                     85100
   3.5800000000000001                     85373
   3.5899999999999999                     85675
   3.6000000000000001                     85965
   3.6099999999999999                     86208
   3.6200000000000001                     86505
   3.6299999999999999                     86820
   3.6400000000000001                     87145
   3.6499999999999999                     87485
   3.6600000000000001                     87757
   3.6699999999999999                     88017
   3.6800000000000002                     88305
   3.6899999999999999                     88579
   3.7000000000000002                     88857
   3.7100000000000000                     89112
   3.7200000000000002                     89308
   3.7300000000000000                     89547
   3.7400000000000002                     89846
   3.7500000000000000                     90110
   3.7600000000000002                     90404
   3.7700000000000000                     90674
   3.7800000000000002                     90909
   3.7900000000000000                     91219
   3.8000000000000003                     91515
   3.8100000000000001                     91830
   3.8200000000000003                     92114
   3.8300000000000001                     92410
   3.8399999999999999                     92740
   3.8500000000000001                     92984
   3.8599999999999999                     93250
   3.8700000000000001                     93500
   3.8799999999999999                     93843
   3.8900000000000001                     94089
   3.8999999999999999                     94391
   3.9100000000000001                     94650
   3.9199999999999999                     94894
   3.9300000000000002                     95140
   3.9399999999999999                     95379
   3.9500000000000002                     95656
   3.9600000000000000                     95975
   3.9700000000000002                     96264
   3.9800000000000000                     96587
   3.9900000000000002                     96903
   4.0000000000000000                     97167
   4.0099999999999998                     97446
   4.0200000000000005                     97721
   4.0300000000000002                     98005
   4.0400000000000000                     98310
   4.0499999999999998                     98563
   4.0600000000000005                     98872
   4.0700000000000003                     99173
   4.0800000000000001                     99508
   4.0899999999999999                     99798
   4.0999999999999996                    100107
   4.1100000000000003                    100326
   4.1200000000000001                    100587
   4.1299999999999999                    100879
   4.1399999999999997                    101193
   4.1500000000000004                    101468
   4.1600000000000001                    101693
   4.1699999999999999                    101952
   4.1799999999999997                    102196
   4.1900000000000004                    102478
   4.2000000000000002                    102746
   4.2100000000000000                    102999
   4.2199999999999998                    103289
   4.2300000000000004                    103587
   4.2400000000000002                    103781
   4.2500000000000000                    104050
   4.2599999999999998                    104216
   4.2700000000000005                    104434
   4.2800000000000002                    104737
   4.2900000000000000                    104956
   4.2999999999999998                    105194
   4.3100000000000005                    105472
   4.3200000000000003                    105729
   4.3300000000000001                    106124
   4.3399999999999999                    106419
   4.3500000000000005                    106689
   4.3600000000000003                    106933
   4.3700000000000001                    107192
   4.3799999999999999                    107358
   4.3899999999999997                    107707
   4.4000000000000004                    107956
   4.4100000000000001                    108205
   4.4199999999999999                    108383
   4.4299999999999997                    108561
   4.4400000000000004                    108853
   4.4500000000000002                    109071
   4.4600000000000000                    109255
   4.4699999999999998                    109561
   4.4800000000000004                    109706
   4.4900000000000002                    109917
   4.5000000000000000                    110112
   4.5099999999999998                    110370
   4.5200000000000005                    110545
   4.5300000000000002                    110863
   4.5400000000000000                    111096
   4.5499999999999998                    111328
   4.5600000000000005                    111642
   4.5700000000000003                    111878
   4.5800000000000001                    112143
   4.5899999999999999                    112351
   4.6000000000000005                    112634
   4.6100000000000003                    112848
   4.6200000000000001                    113095
   4.6299999999999999                    113306
   4.6399999999999997                    113513
   4.6500000000000004                    113738
   4.6600000000000001                    113970
   4.6699999999999999                    114197
   4.6799999999999997                    114452
   4.6900000000000004                    114673
   4.7000000000000002                    114864
   4.7100000000000000                    115096
   4.7199999999999998                    115382
   4.7300000000000004                    115649
   4.7400000000000002                    115907
   4.7500000000000000                    116151
   4.7599999999999998                    116387
   4.7700000000000005                    116654
   4.7800000000000002                    116859
   4.7900000000000000                    117172
   4.7999999999999998                    117406
   4.8100000000000005                    117615
   4.8200000000000003                    117814
   4.8300000000000001                    117985
   4.8399999999999999                    118240
   4.8500000000000005                    118365
   4.8600000000000003                    118619
   4.8700000000000001                    118817
   4.8799999999999999                    119004
   4.8899999999999997                    119170
   4.9000000000000004                    119317
   4.9100000000000001                    119484
   4.9199999999999999                    119674
   4.9299999999999997                    119893
   4.9400000000000004                    120078
   4.9500000000000002                    120279
   4.9600000000000000                    120494
   4.9699999999999998                    120693
   4.9800000000000004                    120879
   4.9900000000000002                    121093
   5.0000000000000000                    121291
   5.0099999999999998                    121543
   5.0200000000000005                    121800
   5.0300000000000002                    121984
   5.0400000000000000                    122200
   5.0499999999999998                    122415
   5.0600000000000005                    122600
   5.0700000000000003                    122729
   5.0800000000000001                    122880
   5.0899999999999999                    123077
   5.1000000000000005                    123193
   5.1100000000000003                    123367
   5.1200000000000001                    123511
   5.1299999999999999                    123687
   5.1399999999999997                    123861
   5.1500000000000004                    124087
   5.1600000000000001                    124204
   5.1699999999999999                    124417
   5.1799999999999997                    124565
   5.1900000000000004                    124779
   5.2000000000000002                    124908
   5.2100000000000000                    124988
   5.2199999999999998                    125157
   5.2300000000000004                    125341
   5.2400000000000002                    125586
   5.2500000000000000                    125697
   5.2599999999999998                    125820
   5.2700000000000005                    125970
   5.2800000000000002                    126119
   5.2900000000000000                    126256
   5.2999999999999998                    126460
   5.3100000000000005                    126664
   5.3200000000000003                    126835
   5.3300000000000001                    127021
   5.3399999999999999                    127184
   5.3500000000000005                    127317
   5.3600000000000003                    127478
   5.3700000000000001                    127559
   5.3799999999999999                    127706
   5.3899999999999997                    127868
   5.4000000000000004                    127984
   5.4100000000000001                    128116
   5.4199999999999999                    128217
   5.4299999999999997                    128353
   5.4400000000000004                    128467
   5.4500000000000002                    128574
   5.4600000000000000                    128724
   5.4699999999999998                    128907
   5.4800000000000004                    129032
   5.4900000000000002                    129168
   5.5000000000000000                    129283
   5.5099999999999998                    129409
   5.5200000000000005                    129593
   5.5300000000000002                    129783
   5.5400000000000000                    129976
   5.5499999999999998                    130171
   5.5600000000000005                    130294
   5.5700000000000003                    130439
   5.5800000000000001                    130584
   5.5899999999999999                    130665
   5.6000000000000005                    130793
   5.6100000000000003                    130815
   5.6200000000000001                    130918
   5.6299999999999999                    131016
   5.6399999999999997                    131118
   5.6500000000000004                    131174
   5.6600000000000001                    131283
   5.6699999999999999                    131364
   5.6799999999999997                    131432
   5.6900000000000004                    131569
   5.7000000000000002                    131659
   5.7100000000000000                    131731
   5.7199999999999998                    131817
   5.7300000000000004                    131937
   5.7400000000000002                    132023
   5.7500000000000000                    132108
   5.7599999999999998                    132175
   5.7700000000000005                    132228
   5.7800000000000002                    132284
   5.7900000000000000                    132364
   5.7999999999999998                    132437
   5.8100000000000005                    132547
   5.8200000000000003                    132608
   5.8300000000000001                    132612
   5.8399999999999999                    132649
   5.8500000000000005                    132670
   5.8600000000000003                    132713
   5.8700000000000001                    132724
   5.8799999999999999                    132867
   5.8899999999999997                    132869
   5.9000000000000004                    133015
   5.9100000000000001                    133042
   5.9199999999999999                    133171
   5.9299999999999997                    133219
   5.9400000000000004                    133260
   5.9500000000000002                    133296
   5.9600000000000000                    133296
   5.9699999999999998                    133352
   5.9800000000000004                    133477
   5.9900000000000002                    133560
   6.0000000000000000                    133625
   6.0099999999999998                    133651
   6.0200000000000005                    133655
   6.0300000000000002                    133798
   6.0400000000000000                    133793
   6.0499999999999998                    133902
   6.0600000000000005                    133902
   6.0700000000000003                    133905
   6.0800000000000001                    133949
   6.0899999999999999                    133992
   6.1000000000000005                    134029
   6.1100000000000003                    134043
   6.1200000000000001                    134062
   6.1299999999999999                    134015
   6.1400000000000006                    134065
   6.1500000000000004                    134059
   6.1600000000000001                    134083
   6.1699999999999999                    134101
   6.1799999999999997                    134089
   6.1900000000000004                    134151
   6.2000000000000002                    134102
   6.2100000000000000                    134167
   6.2199999999999998                    134248
   6.2300000000000004                    134226
   6.2400000000000002                    134241
   6.2500000000000000                    134299
   6.2599999999999998                    134314
   6.2700000000000005                    134370
   6.2800000000000002                    134428
   6.2900000000000000                    134436
   6.2999999999999998                    134420
   6.3100000000000005                    134361
   6.3200000000000003                    134285
   6.3300000000000001                    134243
   6.3399999999999999                    134186
   6.3500000000000005                    134120
   6.3600000000000003                    134111
   6.3700000000000001                    134119
   6.3799999999999999                    134119
   6.3900000000000006                    134157
   6.4000000000000004                    134095
   6.4100000000000001                    134117
   6.4199999999999999                    134105
   6.4299999999999997                    134089
   6.4400000000000004                    134098
   6.4500000000000002                    134062
   6.4600000000000000                    133973
   6.4699999999999998                    133929
   6.4800000000000004                    133929
   6.4900000000000002                    133919
   6.5000000000000000                    133894
   6.5099999999999998                    133843
   6.5200000000000005                    133794
   6.5300000000000002                    133766
   6.5400000000000000                    133711
   6.5499999999999998                    133724
   6.5600000000000005                    133731
   6.5700000000000003                    133653
   6.5800000000000001                    133613
   6.5899999999999999                    133541
   6.6000000000000005                    133433
   6.6100000000000003                    133349
   6.6200000000000001                    133347
   6.6299999999999999                    133319
   6.6400000000000006                    133285
   6.6500000000000004                    133166
   6.6600000000000001                    133072
   6.6699999999999999                    133026
   6.6799999999999997                    132915
   6.6900000000000004                    132817
   6.7000000000000002                    132773
   6.7100000000000000                    132711
   6.7199999999999998                    132607
   6.7300000000000004                    132536
   6.7400000000000002                    132437
   6.7500000000000000                    132331
   6.7599999999999998                    132229
   6.7700000000000005                    132073
   6.7800000000000002                    131974
   6.7900000000000000                    131898
   6.7999999999999998                    131811
   6.8100000000000005                    131739
   6.8200000000000003                    131594
   6.8300000000000001                    131441
   6.8399999999999999                    131329
   6.8500000000000005                    131251
   6.8600000000000003                    131162
   6.8700000000000001                    131079
   6.8799999999999999                    130959
   6.8900000000000006                    130789
   6.9000000000000004                    130690
   6.9100000000000001                    130580
   6.9199999999999999                    130489
   6.9299999999999997                    130315
   6.9400000000000004                    130175
   6.9500000000000002                    129994
   6.9600000000000000                    129926
   6.9699999999999998                    129859
   6.9800000000000004                    129755
   6.9900000000000002                    129635
   7.0000000000000000                    129549
   7.0099999999999998                    129441
   7.0200000000000005                    129323
   7.0300000000000002                    129158
   7.0400000000000000                    128985
   7.0499999999999998                    128836
   7.0600000000000005                    128725
   7.0700000000000003                    128587
   7.0800000000000001                    128335
   7.0899999999999999                    128207
   7.1000000000000005                    128084
   7.1100000000000003                    127920
   7.1200000000000001                    127738
   7.1299999999999999                    127520
   7.1400000000000006                    127377
   7.1500000000000004                    127276
   7.1600000000000001                    127085
   7.1699999999999999                    126955
   7.1799999999999997                    126786
   7.1900000000000004                    126621
   7.2000000000000002                    126504
   7.2100000000000000                    126417
   7.2199999999999998                    126245
   7.2300000000000004                    126059
   7.2400000000000002                    125809
   7.2500000000000000                    125664
   7.2599999999999998                    125495
   7.2700000000000005                    125342
   7.2800000000000002                    125195
   7.2900000000000000                    125067
   7.2999999999999998                    124965
   7.3100000000000005                    124796
   7.3200000000000003                    124619
   7.3300000000000001                    124455
   7.3399999999999999                    124248
   7.3500000000000005                    124140
   7.3600000000000003                    123944
   7.3700000000000001                    123757
   7.3799999999999999                    123632
   7.3900000000000006                    123394
   7.4000000000000004                    123184
   7.4100000000000001                    122993
   7.4199999999999999                    122783
   7.4299999999999997                    122618
   7.4400000000000004                    122447
   7.4500000000000002                    122248
   7.4600000000000000                    122070
   7.4699999999999998                    121911
   7.4800000000000004                    121744
   7.4900000000000002                    121597
   7.5000000000000000                    121327
   7.5099999999999998                    121103
   7.5200000000000005                    120903
   7.5300000000000002                    120739
   7.5400000000000000                    120596
   7.5499999999999998                    120410
   7.5600000000000005                    120208
   7.5700000000000003                    119992
   7.5800000000000001                    119776
   7.5899999999999999                    119545
   7.6000000000000005                    119357
   7.6100000000000003                    119153
   7.6200000000000001                    118944
   7.6299999999999999                    118668
   7.6400000000000006                    118492
   7.6500000000000004                    118311
   7.6600000000000001                    118121
   7.6699999999999999                    117918
   7.6799999999999997                    117726
   7.6900000000000004                    117494
   7.7000000000000002                    117217
   7.7100000000000000                    117107
   7.7199999999999998                    116892
   7.7300000000000004                    116628
   7.7400000000000002                    116382
   7.7500000000000000                    116172
   7.7599999999999998                    115928
   7.7700000000000005                    115731
   7.7800000000000002                    115531
   7.7900000000000000                    115329
   7.7999999999999998                    115039
   7.8100000000000005                    114779
   7.8200000000000003                    114596
   7.8300000000000001                    114385
   7.8399999999999999                    114132
   7.8500000000000005                    113867
   7.8600000000000003                    113584
   7.8700000000000001                    113375
   7.8799999999999999                    113175
   7.8900000000000006                    112965
   7.9000000000000004                    112762
   7.9100000000000001                    112539
   7.9199999999999999                    112322
   7.9300000000000006                    112034
   7.9400000000000004                    111787
   7.9500000000000002                    111558
   7.9600000000000000                    111384
   7.9699999999999998                    111165
   7.9800000000000004                    110930
   7.9900000000000002                    110718
   8.0000000000000000                    110481
   8.0099999999999998                    110182
   8.0199999999999996                    109953
   8.0299999999999994                    109677
   8.0400000000000009                    109480
   8.0500000000000007                    109252
   8.0600000000000005                    109046
   8.0700000000000003                    108821
   8.0800000000000001                    108539
   8.0899999999999999                    108312
   8.0999999999999996                    108077
   8.1099999999999994                    107828
   8.1200000000000010                    107606
   8.1300000000000008                    107347
   8.1400000000000006                    107160
   8.1500000000000004                    106948
   8.1600000000000001                    106707
   8.1699999999999999                    106428
   8.1799999999999997                    106238
   8.1899999999999995                    106027
   8.1999999999999993                    105815
   8.2100000000000009                    105552
   8.2200000000000006                    105348
   8.2300000000000004                    105095
   8.2400000000000002                    104900
   8.2500000000000000                    104671
   8.2599999999999998                    104410
   8.2699999999999996                    104243
   8.2799999999999994                    103961
   8.2900000000000009                    103625
   8.3000000000000007                    103397
   8.3100000000000005                    103077
   8.3200000000000003                    102769
   8.3300000000000001                    102545
   8.3399999999999999                    102294
   8.3499999999999996                    102048
   8.3599999999999994                    101838
   8.3700000000000010                    101604
   8.3800000000000008                    101366
   8.3900000000000006                    101151
   8.4000000000000004                    100923
   8.4100000000000001                    100659
   8.4199999999999999                    100440
   8.4299999999999997                    100163
   8.4399999999999995                     99910
   8.4499999999999993                     99626
   8.4600000000000009                     99382
   8.4700000000000006                     99190
   8.4800000000000004                     98977
   8.4900000000000002                     98730
   8.5000000000000000                     98481
   8.5099999999999998                     98258
   8.5199999999999996                     97995
   8.5299999999999994                     97760
   8.5400000000000009                     97511
   8.5500000000000007                     97250
   8.5600000000000005                     97041
   8.5700000000000003                     96794
   8.5800000000000001                     96565
   8.5899999999999999                     96327
   8.5999999999999996                     96095
   8.6099999999999994                     95794
   8.6200000000000010                     95478
   8.6300000000000008                     95243
   8.6400000000000006                     94965
   8.6500000000000004                     94646
   8.6600000000000001                     94411
   8.6699999999999999                     94190
   8.6799999999999997                     93867
   8.6899999999999995                     93603
   8.7000000000000011                     93337
   8.7100000000000009                     93109
   8.7200000000000006                     92831
   8.7300000000000004                     92592
   8.7400000000000002                     92346
   8.7500000000000000                     92100
   8.7599999999999998                     91828
   8.7699999999999996                     91556
   8.7799999999999994                     91291
   8.7900000000000009                     91053
   8.8000000000000007                     90773
   8.8100000000000005                     90548
   8.8200000000000003                     90324
   8.8300000000000001                     90084
   8.8399999999999999                     89803
   8.8499999999999996                     89552
   8.8599999999999994                     89277
   8.8700000000000010                     89014
   8.8800000000000008                     88748
   8.8900000000000006                     88478
   8.9000000000000004                     88227
   8.9100000000000001                     88004
   8.9199999999999999                     87787
   8.9299999999999997                     87461
   8.9399999999999995                     87180
   8.9500000000000011                     86917
   8.9600000000000009                     86717
   8.9700000000000006                     86499
   8.9800000000000004                     86222
   8.9900000000000002                     85950
   9.0000000000000000                     85680
   9.0099999999999998                     85416
   9.0199999999999996                     85154
   9.0299999999999994                     84880
   9.0400000000000009                     84640
   9.0500000000000007                     84428
   9.0600000000000005                     84169
   9.0700000000000003                     83907
   9.0800000000000001                     83666
   9.0899999999999999                     83437
   9.0999999999999996                     83181
   9.1099999999999994                     82899
   9.1200000000000010                     82643
   9.1300000000000008                     82413
   9.1400000000000006                     82176
   9.1500000000000004                     81971
   9.1600000000000001                     81731
   9.1699999999999999                     81537
   9.1799999999999997                     81276
   9.1899999999999995                     81055
   9.2000000000000011                     80804
   9.2100000000000009                     80588
   9.2200000000000006                     80377
   9.2300000000000004                     80164
   9.2400000000000002                     79913
   9.2500000000000000                     79669
   9.2599999999999998                     79424
   9.2699999999999996                     79189
   9.2799999999999994                     78921
   9.2900000000000009                     78685
   9.3000000000000007                     78429
   9.3100000000000005                     78164
   9.3200000000000003                     77926
   9.3300000000000001                     77648
   9.3399999999999999                     77364
   9.3499999999999996                     77124
   9.3599999999999994                     76845
   9.3700000000000010                     76626
   9.3800000000000008                     76390
   9.3900000000000006                     76147
   9.4000000000000004                     75873
   9.4100000000000001                     75610
   9.4199999999999999                     75341
   9.4299999999999997                     75084
   9.4399999999999995                     74851
   9.4500000000000011                     74619
   9.4600000000000009                     74372
   9.4700000000000006                     74112
   9.4800000000000004                     73869
   9.4900000000000002                     73601
   9.5000000000000000                     73318
   9.5099999999999998                     73086
   9.5199999999999996                     72852
   9.5299999999999994                     72584
   9.5400000000000009                     72369
   9.5500000000000007                     72152
   9.5600000000000005                     71879
   9.5700000000000003                     71654
   9.5800000000000001                     71440
   9.5899999999999999                     71208
   9.5999999999999996                     70956
   9.6099999999999994                     70713
   9.6200000000000010                     70453
   9.6300000000000008                     70174
   9.6400000000000006                     69931
   9.6500000000000004                     69695
   9.6600000000000001                     69469
   9.6699999999999999                     69258
   9.6799999999999997                     69015
   9.6899999999999995                     68780
   9.7000000000000011                     68543
   9.7100000000000009                     68300
   9.7200000000000006                     68045
   9.7300000000000004                     67807
   9.7400000000000002                     67611
   9.7500000000000000                     67372
   9.7599999999999998                     67136
   9.7699999999999996                     66915
   9.7799999999999994                     66721
   9.7900000000000009                     66446
   9.8000000000000007                     66223
   9.8100000000000005                     65992
   9.8200000000000003                     65771
   9.8300000000000001                     65527
   9.8399999999999999                     65292
   9.8499999999999996                     65079
   9.8599999999999994                     64855
   9.8700000000000010                     64609
   9.8800000000000008                     64388
   9.8900000000000006                     64156
   9.9000000000000004                     63929
   9.9100000000000001                     63717
   9.9199999999999999                     63476
   9.9299999999999997                     63240
   9.9399999999999995                     63015
   9.9500000000000011                     62782
   9.9600000000000009                     62562
   9.9700000000000006                     62378
   9.9800000000000004                     62178
   9.9900000000000002                     61961
   10.000000000000000                     61759
