   0.0000000000000000                         0
   1.0000000000000000E-002                  195
   2.0000000000000000E-002                  402
   2.9999999999999999E-002                  641
   4.0000000000000001E-002                  859
   5.0000000000000003E-002                 1081
   5.9999999999999998E-002                 1292
   7.0000000000000007E-002                 1479
   8.0000000000000002E-002                 1676
   8.9999999999999997E-002                 1869
  0.10000000000000001                      2081
  0.11000000000000000                      2278
  0.12000000000000000                      2464
  0.13000000000000000                      2679
  0.14000000000000001                      2892
  0.14999999999999999                      3075
  0.16000000000000000                      3284
  0.17000000000000001                      3479
  0.17999999999999999                      3659
  0.19000000000000000                      3844
  0.20000000000000001                      4024
  0.20999999999999999                      4212
  0.22000000000000000                      4417
  0.23000000000000001                      4642
  0.23999999999999999                      4830
  0.25000000000000000                      5041
  0.26000000000000001                      5245
  0.27000000000000002                      5467
  0.28000000000000003                      5689
  0.28999999999999998                      5899
  0.29999999999999999                      6123
  0.31000000000000000                      6345
  0.32000000000000001                      6524
  0.33000000000000002                      6728
  0.34000000000000002                      6921
  0.35000000000000003                      7120
  0.35999999999999999                      7325
  0.37000000000000000                      7556
  0.38000000000000000                      7749
  0.39000000000000001                      7947
  0.40000000000000002                      8159
  0.41000000000000003                      8408
  0.41999999999999998                      8582
  0.42999999999999999                      8798
  0.44000000000000000                      8994
  0.45000000000000001                      9210
  0.46000000000000002                      9416
  0.47000000000000003                      9633
  0.47999999999999998                      9855
  0.48999999999999999                     10050
  0.50000000000000000                     10262
  0.51000000000000001                     10460
  0.52000000000000002                     10683
  0.53000000000000003                     10898
  0.54000000000000004                     11098
  0.55000000000000004                     11301
  0.56000000000000005                     11528
  0.57000000000000006                     11720
  0.57999999999999996                     11911
  0.58999999999999997                     12154
  0.59999999999999998                     12375
  0.60999999999999999                     12611
  0.62000000000000000                     12807
  0.63000000000000000                     13011
  0.64000000000000001                     13221
  0.65000000000000002                     13439
  0.66000000000000003                     13649
  0.67000000000000004                     13854
  0.68000000000000005                     14075
  0.69000000000000006                     14264
  0.70000000000000007                     14461
  0.70999999999999996                     14658
  0.71999999999999997                     14889
  0.72999999999999998                     15093
  0.73999999999999999                     15300
  0.75000000000000000                     15519
  0.76000000000000001                     15694
  0.77000000000000002                     15912
  0.78000000000000003                     16113
  0.79000000000000004                     16317
  0.80000000000000004                     16553
  0.81000000000000005                     16802
  0.82000000000000006                     17013
  0.83000000000000007                     17211
  0.83999999999999997                     17409
  0.84999999999999998                     17624
  0.85999999999999999                     17855
  0.87000000000000000                     18063
  0.88000000000000000                     18283
  0.89000000000000001                     18487
  0.90000000000000002                     18714
  0.91000000000000003                     18939
  0.92000000000000004                     19126
  0.93000000000000005                     19329
  0.94000000000000006                     19559
  0.95000000000000007                     19753
  0.95999999999999996                     19904
  0.96999999999999997                     20112
  0.97999999999999998                     20313
  0.98999999999999999                     20551
   1.0000000000000000                     20744
   1.0100000000000000                     20949
   1.0200000000000000                     21206
   1.0300000000000000                     21416
   1.0400000000000000                     21613
   1.0500000000000000                     21795
   1.0600000000000001                     22014
   1.0700000000000001                     22218
   1.0800000000000001                     22420
   1.0900000000000001                     22625
   1.1000000000000001                     22845
   1.1100000000000001                     23040
   1.1200000000000001                     23231
   1.1300000000000001                     23460
   1.1400000000000001                     23681
   1.1500000000000001                     23862
   1.1599999999999999                     24049
   1.1699999999999999                     24296
   1.1799999999999999                     24493
   1.1899999999999999                     24694
   1.2000000000000000                     24883
   1.2100000000000000                     25114
   1.2200000000000000                     25350
   1.2300000000000000                     25562
   1.2400000000000000                     25812
   1.2500000000000000                     26021
   1.2600000000000000                     26212
   1.2700000000000000                     26423
   1.2800000000000000                     26612
   1.2900000000000000                     26819
   1.3000000000000000                     27057
   1.3100000000000001                     27290
   1.3200000000000001                     27489
   1.3300000000000001                     27751
   1.3400000000000001                     28002
   1.3500000000000001                     28213
   1.3600000000000001                     28443
   1.3700000000000001                     28653
   1.3800000000000001                     28924
   1.3900000000000001                     29177
   1.4000000000000001                     29381
   1.4099999999999999                     29596
   1.4199999999999999                     29829
   1.4299999999999999                     30077
   1.4399999999999999                     30323
   1.4500000000000000                     30530
   1.4600000000000000                     30779
   1.4700000000000000                     31000
   1.4800000000000000                     31223
   1.4900000000000000                     31463
   1.5000000000000000                     31687
   1.5100000000000000                     31920
   1.5200000000000000                     32168
   1.5300000000000000                     32427
   1.5400000000000000                     32681
   1.5500000000000000                     32890
   1.5600000000000001                     33109
   1.5700000000000001                     33355
   1.5800000000000001                     33595
   1.5900000000000001                     33801
   1.6000000000000001                     34034
   1.6100000000000001                     34284
   1.6200000000000001                     34486
   1.6300000000000001                     34708
   1.6400000000000001                     34930
   1.6500000000000001                     35170
   1.6600000000000001                     35396
   1.6699999999999999                     35645
   1.6799999999999999                     35884
   1.6899999999999999                     36069
   1.7000000000000000                     36339
   1.7100000000000000                     36544
   1.7200000000000000                     36790
   1.7300000000000000                     36972
   1.7400000000000000                     37231
   1.7500000000000000                     37472
   1.7600000000000000                     37683
   1.7700000000000000                     37952
   1.7800000000000000                     38219
   1.7900000000000000                     38477
   1.8000000000000000                     38686
   1.8100000000000001                     38943
   1.8200000000000001                     39173
   1.8300000000000001                     39448
   1.8400000000000001                     39721
   1.8500000000000001                     39974
   1.8600000000000001                     40201
   1.8700000000000001                     40448
   1.8800000000000001                     40659
   1.8900000000000001                     40866
   1.9000000000000001                     41143
   1.9100000000000001                     41353
   1.9199999999999999                     41627
   1.9299999999999999                     41863
   1.9399999999999999                     42081
   1.9500000000000000                     42327
   1.9600000000000000                     42599
   1.9700000000000000                     42881
   1.9800000000000000                     43131
   1.9900000000000000                     43376
   2.0000000000000000                     43645
   2.0100000000000002                     43924
   2.0200000000000000                     44170
   2.0300000000000002                     44387
   2.0400000000000000                     44653
   2.0499999999999998                     44854
   2.0600000000000001                     45065
   2.0699999999999998                     45323
   2.0800000000000001                     45614
   2.0899999999999999                     45846
   2.1000000000000001                     46083
   2.1099999999999999                     46320
   2.1200000000000001                     46595
   2.1299999999999999                     46871
   2.1400000000000001                     47146
   2.1499999999999999                     47353
   2.1600000000000001                     47601
   2.1699999999999999                     47859
   2.1800000000000002                     48108
   2.1899999999999999                     48324
   2.2000000000000002                     48584
   2.2100000000000000                     48794
   2.2200000000000002                     49015
   2.2300000000000000                     49274
   2.2400000000000002                     49477
   2.2500000000000000                     49755
   2.2600000000000002                     50045
   2.2700000000000000                     50269
   2.2800000000000002                     50493
   2.2900000000000000                     50778
   2.3000000000000003                     51101
   2.3100000000000001                     51372
   2.3199999999999998                     51622
   2.3300000000000001                     51898
   2.3399999999999999                     52139
   2.3500000000000001                     52386
   2.3599999999999999                     52672
   2.3700000000000001                     52938
   2.3799999999999999                     53189
   2.3900000000000001                     53462
   2.3999999999999999                     53768
   2.4100000000000001                     53996
   2.4199999999999999                     54294
   2.4300000000000002                     54590
   2.4399999999999999                     54834
   2.4500000000000002                     55112
   2.4600000000000000                     55343
   2.4700000000000002                     55596
   2.4800000000000000                     55888
   2.4900000000000002                     56143
   2.5000000000000000                     56439
   2.5100000000000002                     56697
   2.5200000000000000                     57009
   2.5300000000000002                     57266
   2.5400000000000000                     57522
   2.5500000000000003                     57784
   2.5600000000000001                     58069
   2.5699999999999998                     58314
   2.5800000000000001                     58541
   2.5899999999999999                     58787
   2.6000000000000001                     59008
   2.6099999999999999                     59266
   2.6200000000000001                     59516
   2.6299999999999999                     59755
   2.6400000000000001                     60040
   2.6499999999999999                     60340
   2.6600000000000001                     60599
   2.6699999999999999                     60847
   2.6800000000000002                     61104
   2.6899999999999999                     61446
   2.7000000000000002                     61696
   2.7100000000000000                     61957
   2.7200000000000002                     62219
   2.7300000000000000                     62489
   2.7400000000000002                     62740
   2.7500000000000000                     63017
   2.7600000000000002                     63335
   2.7700000000000000                     63605
   2.7800000000000002                     63853
   2.7900000000000000                     64161
   2.8000000000000003                     64447
   2.8100000000000001                     64709
   2.8199999999999998                     64986
   2.8300000000000001                     65269
   2.8399999999999999                     65585
   2.8500000000000001                     65842
   2.8599999999999999                     66145
   2.8700000000000001                     66442
   2.8799999999999999                     66741
   2.8900000000000001                     67024
   2.8999999999999999                     67288
   2.9100000000000001                     67520
   2.9199999999999999                     67772
   2.9300000000000002                     68088
   2.9399999999999999                     68358
   2.9500000000000002                     68664
   2.9600000000000000                     69032
   2.9700000000000002                     69279
   2.9800000000000000                     69518
   2.9900000000000002                     69758
   3.0000000000000000                     70021
   3.0100000000000002                     70308
   3.0200000000000000                     70532
   3.0300000000000002                     70826
   3.0400000000000000                     71126
   3.0500000000000003                     71402
   3.0600000000000001                     71709
   3.0700000000000003                     71966
   3.0800000000000001                     72238
   3.0899999999999999                     72569
   3.1000000000000001                     72879
   3.1099999999999999                     73214
   3.1200000000000001                     73485
   3.1299999999999999                     73746
   3.1400000000000001                     74003
   3.1499999999999999                     74286
   3.1600000000000001                     74597
   3.1699999999999999                     74903
   3.1800000000000002                     75200
   3.1899999999999999                     75474
   3.2000000000000002                     75725
   3.2100000000000000                     75998
   3.2200000000000002                     76336
   3.2300000000000000                     76755
   3.2400000000000002                     77022
   3.2500000000000000                     77347
   3.2600000000000002                     77627
   3.2700000000000000                     77903
   3.2800000000000002                     78193
   3.2900000000000000                     78492
   3.3000000000000003                     78812
   3.3100000000000001                     79111
   3.3200000000000003                     79394
   3.3300000000000001                     79660
   3.3399999999999999                     79903
   3.3500000000000001                     80213
   3.3599999999999999                     80500
   3.3700000000000001                     80777
   3.3799999999999999                     81044
   3.3900000000000001                     81318
   3.3999999999999999                     81596
   3.4100000000000001                     81869
   3.4199999999999999                     82110
   3.4300000000000002                     82400
   3.4399999999999999                     82677
   3.4500000000000002                     82965
   3.4600000000000000                     83236
   3.4700000000000002                     83529
   3.4800000000000000                     83917
   3.4900000000000002                     84191
   3.5000000000000000                     84520
   3.5100000000000002                     84776
   3.5200000000000000                     85107
   3.5300000000000002                     85379
   3.5400000000000000                     85631
   3.5500000000000003                     85935
   3.5600000000000001                     86193
   3.5700000000000003                     86508
   3.5800000000000001                     86820
   3.5899999999999999                     87091
   3.6000000000000001                     87396
   3.6099999999999999                     87703
   3.6200000000000001                     87966
   3.6299999999999999                     88274
   3.6400000000000001                     88564
   3.6499999999999999                     88864
   3.6600000000000001                     89161
   3.6699999999999999                     89460
   3.6800000000000002                     89757
   3.6899999999999999                     89968
   3.7000000000000002                     90276
   3.7100000000000000                     90615
   3.7200000000000002                     90906
   3.7300000000000000                     91216
   3.7400000000000002                     91479
   3.7500000000000000                     91733
   3.7600000000000002                     91974
   3.7700000000000000                     92227
   3.7800000000000002                     92550
   3.7900000000000000                     92848
   3.8000000000000003                     93044
   3.8100000000000001                     93303
   3.8200000000000003                     93594
   3.8300000000000001                     93836
   3.8399999999999999                     94139
   3.8500000000000001                     94400
   3.8599999999999999                     94694
   3.8700000000000001                     95022
   3.8799999999999999                     95296
   3.8900000000000001                     95575
   3.8999999999999999                     95843
   3.9100000000000001                     96072
   3.9199999999999999                     96324
   3.9300000000000002                     96566
   3.9399999999999999                     96789
   3.9500000000000002                     97066
   3.9600000000000000                     97242
   3.9700000000000002                     97543
   3.9800000000000000                     97779
   3.9900000000000002                     98031
   4.0000000000000000                     98377
   4.0099999999999998                     98716
   4.0200000000000005                     98994
   4.0300000000000002                     99281
   4.0400000000000000                     99635
   4.0499999999999998                     99951
   4.0600000000000005                    100199
   4.0700000000000003                    100536
   4.0800000000000001                    100812
   4.0899999999999999                    101065
   4.0999999999999996                    101452
   4.1100000000000003                    101731
   4.1200000000000001                    101998
   4.1299999999999999                    102258
   4.1399999999999997                    102504
   4.1500000000000004                    102771
   4.1600000000000001                    103002
   4.1699999999999999                    103323
   4.1799999999999997                    103618
   4.1900000000000004                    103881
   4.2000000000000002                    104136
   4.2100000000000000                    104330
   4.2199999999999998                    104562
   4.2300000000000004                    104789
   4.2400000000000002                    105038
   4.2500000000000000                    105277
   4.2599999999999998                    105545
   4.2700000000000005                    105761
   4.2800000000000002                    105995
   4.2900000000000000                    106225
   4.2999999999999998                    106518
   4.3100000000000005                    106802
   4.3200000000000003                    107053
   4.3300000000000001                    107251
   4.3399999999999999                    107554
   4.3500000000000005                    107826
   4.3600000000000003                    108122
   4.3700000000000001                    108344
   4.3799999999999999                    108569
   4.3899999999999997                    108835
   4.4000000000000004                    109070
   4.4100000000000001                    109297
   4.4199999999999999                    109551
   4.4299999999999997                    109808
   4.4400000000000004                    110099
   4.4500000000000002                    110357
   4.4600000000000000                    110594
   4.4699999999999998                    110902
   4.4800000000000004                    111182
   4.4900000000000002                    111495
   4.5000000000000000                    111721
   4.5099999999999998                    111960
   4.5200000000000005                    112191
   4.5300000000000002                    112411
   4.5400000000000000                    112604
   4.5499999999999998                    112856
   4.5600000000000005                    113112
   4.5700000000000003                    113350
   4.5800000000000001                    113629
   4.5899999999999999                    113898
   4.6000000000000005                    114223
   4.6100000000000003                    114449
   4.6200000000000001                    114679
   4.6299999999999999                    114918
   4.6399999999999997                    115153
   4.6500000000000004                    115333
   4.6600000000000001                    115567
   4.6699999999999999                    115760
   4.6799999999999997                    115966
   4.6900000000000004                    116194
   4.7000000000000002                    116458
   4.7100000000000000                    116703
   4.7199999999999998                    116918
   4.7300000000000004                    117154
   4.7400000000000002                    117396
   4.7500000000000000                    117520
   4.7599999999999998                    117683
   4.7700000000000005                    117925
   4.7800000000000002                    118098
   4.7900000000000000                    118342
   4.7999999999999998                    118528
   4.8100000000000005                    118712
   4.8200000000000003                    118922
   4.8300000000000001                    119128
   4.8399999999999999                    119331
   4.8500000000000005                    119598
   4.8600000000000003                    119864
   4.8700000000000001                    120084
   4.8799999999999999                    120360
   4.8899999999999997                    120556
   4.9000000000000004                    120738
   4.9100000000000001                    120952
   4.9199999999999999                    121152
   4.9299999999999997                    121317
   4.9400000000000004                    121466
   4.9500000000000002                    121656
   4.9600000000000000                    121853
   4.9699999999999998                    122046
   4.9800000000000004                    122263
   4.9900000000000002                    122363
   5.0000000000000000                    122635
   5.0099999999999998                    122848
   5.0200000000000005                    122999
   5.0300000000000002                    123225
   5.0400000000000000                    123447
   5.0499999999999998                    123632
   5.0600000000000005                    123840
   5.0700000000000003                    123991
   5.0800000000000001                    124201
   5.0899999999999999                    124345
   5.1000000000000005                    124554
   5.1100000000000003                    124740
   5.1200000000000001                    124965
   5.1299999999999999                    125109
   5.1399999999999997                    125291
   5.1500000000000004                    125411
   5.1600000000000001                    125569
   5.1699999999999999                    125763
   5.1799999999999997                    125877
   5.1900000000000004                    126041
   5.2000000000000002                    126210
   5.2100000000000000                    126333
   5.2199999999999998                    126500
   5.2300000000000004                    126602
   5.2400000000000002                    126712
   5.2500000000000000                    126871
   5.2599999999999998                    127031
   5.2700000000000005                    127228
   5.2800000000000002                    127300
   5.2900000000000000                    127442
   5.2999999999999998                    127643
   5.3100000000000005                    127838
   5.3200000000000003                    128033
   5.3300000000000001                    128209
   5.3399999999999999                    128353
   5.3500000000000005                    128498
   5.3600000000000003                    128676
   5.3700000000000001                    128843
   5.3799999999999999                    129036
   5.3899999999999997                    129181
   5.4000000000000004                    129284
   5.4100000000000001                    129381
   5.4199999999999999                    129506
   5.4299999999999997                    129640
   5.4400000000000004                    129803
   5.4500000000000002                    129948
   5.4600000000000000                    130083
   5.4699999999999998                    130207
   5.4800000000000004                    130330
   5.4900000000000002                    130424
   5.5000000000000000                    130524
   5.5099999999999998                    130629
   5.5200000000000005                    130760
   5.5300000000000002                    130855
   5.5400000000000000                    130991
   5.5499999999999998                    131110
   5.5600000000000005                    131316
   5.5700000000000003                    131399
   5.5800000000000001                    131562
   5.5899999999999999                    131654
   5.6000000000000005                    131767
   5.6100000000000003                    131830
   5.6200000000000001                    131930
   5.6299999999999999                    132001
   5.6399999999999997                    132076
   5.6500000000000004                    132175
   5.6600000000000001                    132234
   5.6699999999999999                    132263
   5.6799999999999997                    132351
   5.6900000000000004                    132444
   5.7000000000000002                    132577
   5.7100000000000000                    132652
   5.7199999999999998                    132712
   5.7300000000000004                    132799
   5.7400000000000002                    132925
   5.7500000000000000                    132972
   5.7599999999999998                    133055
   5.7700000000000005                    133149
   5.7800000000000002                    133245
   5.7900000000000000                    133362
   5.7999999999999998                    133415
   5.8100000000000005                    133493
   5.8200000000000003                    133629
   5.8300000000000001                    133747
   5.8399999999999999                    133836
   5.8500000000000005                    133903
   5.8600000000000003                    133935
   5.8700000000000001                    133974
   5.8799999999999999                    134080
   5.8899999999999997                    134136
   5.9000000000000004                    134204
   5.9100000000000001                    134190
   5.9199999999999999                    134276
   5.9299999999999997                    134315
   5.9400000000000004                    134330
   5.9500000000000002                    134355
   5.9600000000000000                    134426
   5.9699999999999998                    134416
   5.9800000000000004                    134532
   5.9900000000000002                    134539
   6.0000000000000000                    134555
   6.0099999999999998                    134547
   6.0200000000000005                    134520
   6.0300000000000002                    134455
   6.0400000000000000                    134430
   6.0499999999999998                    134439
   6.0600000000000005                    134466
   6.0700000000000003                    134440
   6.0800000000000001                    134439
   6.0899999999999999                    134536
   6.1000000000000005                    134595
   6.1100000000000003                    134617
   6.1200000000000001                    134615
   6.1299999999999999                    134605
   6.1400000000000006                    134547
   6.1500000000000004                    134549
   6.1600000000000001                    134532
   6.1699999999999999                    134572
   6.1799999999999997                    134552
   6.1900000000000004                    134552
   6.2000000000000002                    134620
   6.2100000000000000                    134601
   6.2199999999999998                    134601
   6.2300000000000004                    134600
   6.2400000000000002                    134621
   6.2500000000000000                    134621
   6.2599999999999998                    134608
   6.2700000000000005                    134580
   6.2800000000000002                    134573
   6.2900000000000000                    134489
   6.2999999999999998                    134496
   6.3100000000000005                    134434
   6.3200000000000003                    134449
   6.3300000000000001                    134400
   6.3399999999999999                    134352
   6.3500000000000005                    134331
   6.3600000000000003                    134284
   6.3700000000000001                    134227
   6.3799999999999999                    134171
   6.3900000000000006                    134113
   6.4000000000000004                    134073
   6.4100000000000001                    134024
   6.4199999999999999                    133956
   6.4299999999999997                    133932
   6.4400000000000004                    133920
   6.4500000000000002                    133880
   6.4600000000000000                    133865
   6.4699999999999998                    133819
   6.4800000000000004                    133827
   6.4900000000000002                    133795
   6.5000000000000000                    133681
   6.5099999999999998                    133645
   6.5200000000000005                    133594
   6.5300000000000002                    133506
   6.5400000000000000                    133423
   6.5499999999999998                    133397
   6.5600000000000005                    133309
   6.5700000000000003                    133263
   6.5800000000000001                    133195
   6.5899999999999999                    133179
   6.6000000000000005                    133130
   6.6100000000000003                    133073
   6.6200000000000001                    132949
   6.6299999999999999                    132880
   6.6400000000000006                    132770
   6.6500000000000004                    132668
   6.6600000000000001                    132554
   6.6699999999999999                    132467
   6.6799999999999997                    132380
   6.6900000000000004                    132265
   6.7000000000000002                    132173
   6.7100000000000000                    132039
   6.7199999999999998                    132068
   6.7300000000000004                    132010
   6.7400000000000002                    131994
   6.7500000000000000                    131876
   6.7599999999999998                    131798
   6.7700000000000005                    131684
   6.7800000000000002                    131540
   6.7900000000000000                    131438
   6.7999999999999998                    131381
   6.8100000000000005                    131297
   6.8200000000000003                    131197
   6.8300000000000001                    131072
   6.8399999999999999                    131011
   6.8500000000000005                    130921
   6.8600000000000003                    130773
   6.8700000000000001                    130678
   6.8799999999999999                    130577
   6.8900000000000006                    130479
   6.9000000000000004                    130340
   6.9100000000000001                    130231
   6.9199999999999999                    130145
   6.9299999999999997                    130012
   6.9400000000000004                    129888
   6.9500000000000002                    129731
   6.9600000000000000                    129599
   6.9699999999999998                    129508
   6.9800000000000004                    129406
   6.9900000000000002                    129294
   7.0000000000000000                    129115
   7.0099999999999998                    128970
   7.0200000000000005                    128862
   7.0300000000000002                    128785
   7.0400000000000000                    128643
   7.0499999999999998                    128428
   7.0600000000000005                    128237
   7.0700000000000003                    128125
   7.0800000000000001                    127981
   7.0899999999999999                    127886
   7.1000000000000005                    127769
   7.1100000000000003                    127665
   7.1200000000000001                    127476
   7.1299999999999999                    127262
   7.1400000000000006                    127116
   7.1500000000000004                    126934
   7.1600000000000001                    126753
   7.1699999999999999                    126649
   7.1799999999999997                    126465
   7.1900000000000004                    126260
   7.2000000000000002                    126060
   7.2100000000000000                    125922
   7.2199999999999998                    125806
   7.2300000000000004                    125646
   7.2400000000000002                    125502
   7.2500000000000000                    125333
   7.2599999999999998                    125184
   7.2700000000000005                    125027
   7.2800000000000002                    124877
   7.2900000000000000                    124691
   7.2999999999999998                    124521
   7.3100000000000005                    124375
   7.3200000000000003                    124176
   7.3300000000000001                    124027
   7.3399999999999999                    123874
   7.3500000000000005                    123745
   7.3600000000000003                    123576
   7.3700000000000001                    123391
   7.3799999999999999                    123192
   7.3900000000000006                    123072
   7.4000000000000004                    122854
   7.4100000000000001                    122644
   7.4199999999999999                    122505
   7.4299999999999997                    122315
   7.4400000000000004                    122125
   7.4500000000000002                    121915
   7.4600000000000000                    121710
   7.4699999999999998                    121521
   7.4800000000000004                    121338
   7.4900000000000002                    121137
   7.5000000000000000                    120965
   7.5099999999999998                    120779
   7.5200000000000005                    120548
   7.5300000000000002                    120375
   7.5400000000000000                    120114
   7.5499999999999998                    119949
   7.5600000000000005                    119776
   7.5700000000000003                    119566
   7.5800000000000001                    119434
   7.5899999999999999                    119223
   7.6000000000000005                    118991
   7.6100000000000003                    118754
   7.6200000000000001                    118588
   7.6299999999999999                    118376
   7.6400000000000006                    118132
   7.6500000000000004                    117898
   7.6600000000000001                    117713
   7.6699999999999999                    117482
   7.6799999999999997                    117308
   7.6900000000000004                    117081
   7.7000000000000002                    116815
   7.7100000000000000                    116561
   7.7199999999999998                    116364
   7.7300000000000004                    116130
   7.7400000000000002                    115935
   7.7500000000000000                    115704
   7.7599999999999998                    115518
   7.7700000000000005                    115317
   7.7800000000000002                    115104
   7.7900000000000000                    114847
   7.7999999999999998                    114667
   7.8100000000000005                    114513
   7.8200000000000003                    114228
   7.8300000000000001                    113967
   7.8399999999999999                    113807
   7.8500000000000005                    113584
   7.8600000000000003                    113359
   7.8700000000000001                    113152
   7.8799999999999999                    112998
   7.8900000000000006                    112801
   7.9000000000000004                    112536
   7.9100000000000001                    112261
   7.9199999999999999                    112048
   7.9300000000000006                    111776
   7.9400000000000004                    111568
   7.9500000000000002                    111344
   7.9600000000000000                    111102
   7.9699999999999998                    110885
   7.9800000000000004                    110641
   7.9900000000000002                    110393
   8.0000000000000000                    110197
   8.0099999999999998                    109968
   8.0199999999999996                    109730
   8.0299999999999994                    109449
   8.0400000000000009                    109205
   8.0500000000000007                    109006
   8.0600000000000005                    108821
   8.0700000000000003                    108583
   8.0800000000000001                    108333
   8.0899999999999999                    108087
   8.0999999999999996                    107900
   8.1099999999999994                    107602
   8.1200000000000010                    107324
   8.1300000000000008                    107090
   8.1400000000000006                    106896
   8.1500000000000004                    106633
   8.1600000000000001                    106373
   8.1699999999999999                    106127
   8.1799999999999997                    105939
   8.1899999999999995                    105712
   8.1999999999999993                    105512
   8.2100000000000009                    105244
   8.2200000000000006                    104959
   8.2300000000000004                    104699
   8.2400000000000002                    104518
   8.2500000000000000                    104287
   8.2599999999999998                    104050
   8.2699999999999996                    103771
   8.2799999999999994                    103567
   8.2900000000000009                    103335
   8.3000000000000007                    103073
   8.3100000000000005                    102803
   8.3200000000000003                    102604
   8.3300000000000001                    102319
   8.3399999999999999                    102091
   8.3499999999999996                    101873
   8.3599999999999994                    101599
   8.3700000000000010                    101366
   8.3800000000000008                    101087
   8.3900000000000006                    100862
   8.4000000000000004                    100588
   8.4100000000000001                    100352
   8.4199999999999999                    100071
   8.4299999999999997                     99830
   8.4399999999999995                     99628
   8.4499999999999993                     99359
   8.4600000000000009                     99106
   8.4700000000000006                     98860
   8.4800000000000004                     98614
   8.4900000000000002                     98388
   8.5000000000000000                     98101
   8.5099999999999998                     97879
   8.5199999999999996                     97638
   8.5299999999999994                     97392
   8.5400000000000009                     97118
   8.5500000000000007                     96841
   8.5600000000000005                     96549
   8.5700000000000003                     96302
   8.5800000000000001                     96037
   8.5899999999999999                     95749
   8.5999999999999996                     95507
   8.6099999999999994                     95222
   8.6200000000000010                     94962
   8.6300000000000008                     94697
   8.6400000000000006                     94398
   8.6500000000000004                     94132
   8.6600000000000001                     93834
   8.6699999999999999                     93629
   8.6799999999999997                     93412
   8.6899999999999995                     93147
   8.7000000000000011                     92898
   8.7100000000000009                     92570
   8.7200000000000006                     92266
   8.7300000000000004                     92020
   8.7400000000000002                     91771
   8.7500000000000000                     91487
   8.7599999999999998                     91254
   8.7699999999999996                     91019
   8.7799999999999994                     90702
   8.7900000000000009                     90464
   8.8000000000000007                     90243
   8.8100000000000005                     89963
   8.8200000000000003                     89738
   8.8300000000000001                     89473
   8.8399999999999999                     89196
   8.8499999999999996                     88967
   8.8599999999999994                     88723
   8.8700000000000010                     88555
   8.8800000000000008                     88302
   8.8900000000000006                     88044
   8.9000000000000004                     87812
   8.9100000000000001                     87585
   8.9199999999999999                     87312
   8.9299999999999997                     87075
   8.9399999999999995                     86830
   8.9500000000000011                     86538
   8.9600000000000009                     86233
   8.9700000000000006                     85961
   8.9800000000000004                     85715
   8.9900000000000002                     85436
   9.0000000000000000                     85195
   9.0099999999999998                     84918
   9.0199999999999996                     84694
   9.0299999999999994                     84463
   9.0400000000000009                     84229
   9.0500000000000007                     83968
   9.0600000000000005                     83694
   9.0700000000000003                     83485
   9.0800000000000001                     83244
   9.0899999999999999                     82975
   9.0999999999999996                     82726
   9.1099999999999994                     82522
   9.1200000000000010                     82298
   9.1300000000000008                     82012
   9.1400000000000006                     81785
   9.1500000000000004                     81547
   9.1600000000000001                     81272
   9.1699999999999999                     81038
   9.1799999999999997                     80731
   9.1899999999999995                     80504
   9.2000000000000011                     80274
   9.2100000000000009                     80015
   9.2200000000000006                     79794
   9.2300000000000004                     79586
   9.2400000000000002                     79393
   9.2500000000000000                     79161
   9.2599999999999998                     78902
   9.2699999999999996                     78616
   9.2799999999999994                     78341
   9.2900000000000009                     78076
   9.3000000000000007                     77804
   9.3100000000000005                     77549
   9.3200000000000003                     77261
   9.3300000000000001                     77001
   9.3399999999999999                     76752
   9.3499999999999996                     76499
   9.3599999999999994                     76227
   9.3700000000000010                     75979
   9.3800000000000008                     75733
   9.3900000000000006                     75497
   9.4000000000000004                     75193
   9.4100000000000001                     74946
   9.4199999999999999                     74728
   9.4299999999999997                     74493
   9.4399999999999995                     74221
   9.4500000000000011                     73976
   9.4600000000000009                     73711
   9.4700000000000006                     73458
   9.4800000000000004                     73221
   9.4900000000000002                     72970
   9.5000000000000000                     72718
   9.5099999999999998                     72472
   9.5199999999999996                     72252
   9.5299999999999994                     72023
   9.5400000000000009                     71750
   9.5500000000000007                     71506
   9.5600000000000005                     71253
   9.5700000000000003                     71019
   9.5800000000000001                     70809
   9.5899999999999999                     70554
   9.5999999999999996                     70308
   9.6099999999999994                     70077
   9.6200000000000010                     69831
   9.6300000000000008                     69592
   9.6400000000000006                     69368
   9.6500000000000004                     69122
   9.6600000000000001                     68838
   9.6699999999999999                     68597
   9.6799999999999997                     68329
   9.6899999999999995                     68088
   9.7000000000000011                     67861
   9.7100000000000009                     67640
   9.7200000000000006                     67412
   9.7300000000000004                     67129
   9.7400000000000002                     66900
   9.7500000000000000                     66686
   9.7599999999999998                     66444
   9.7699999999999996                     66229
   9.7799999999999994                     65980
   9.7900000000000009                     65763
   9.8000000000000007                     65560
   9.8100000000000005                     65351
   9.8200000000000003                     65127
   9.8300000000000001                     64870
   9.8399999999999999                     64674
   9.8499999999999996                     64443
   9.8599999999999994                     64198
   9.8700000000000010                     63953
   9.8800000000000008                     63707
   9.8900000000000006                     63469
   9.9000000000000004                     63257
   9.9100000000000001                     63043
   9.9199999999999999                     62805
   9.9299999999999997                     62575
   9.9399999999999995                     62344
   9.9500000000000011                     62082
   9.9600000000000009                     61875
   9.9700000000000006                     61649
   9.9800000000000004                     61448
   9.9900000000000002                     61211
   10.000000000000000                     60977
