   0.0000000000000000                         0
   1.0000000000000000E-002                  175
   2.0000000000000000E-002                  367
   2.9999999999999999E-002                  552
   4.0000000000000001E-002                  790
   5.0000000000000003E-002                  984
   5.9999999999999998E-002                 1187
   7.0000000000000007E-002                 1380
   8.0000000000000002E-002                 1606
   8.9999999999999997E-002                 1803
  0.10000000000000001                      1989
  0.11000000000000000                      2189
  0.12000000000000000                      2397
  0.13000000000000000                      2600
  0.14000000000000001                      2827
  0.14999999999999999                      3025
  0.16000000000000000                      3258
  0.17000000000000001                      3460
  0.17999999999999999                      3664
  0.19000000000000000                      3883
  0.20000000000000001                      4073
  0.20999999999999999                      4309
  0.22000000000000000                      4490
  0.23000000000000001                      4705
  0.23999999999999999                      4935
  0.25000000000000000                      5136
  0.26000000000000001                      5350
  0.27000000000000002                      5532
  0.28000000000000003                      5752
  0.28999999999999998                      5963
  0.29999999999999999                      6173
  0.31000000000000000                      6392
  0.32000000000000001                      6604
  0.33000000000000002                      6823
  0.34000000000000002                      7013
  0.35000000000000003                      7229
  0.35999999999999999                      7439
  0.37000000000000000                      7648
  0.38000000000000000                      7831
  0.39000000000000001                      8030
  0.40000000000000002                      8206
  0.41000000000000003                      8421
  0.41999999999999998                      8627
  0.42999999999999999                      8844
  0.44000000000000000                      9071
  0.45000000000000001                      9272
  0.46000000000000002                      9482
  0.47000000000000003                      9669
  0.47999999999999998                      9887
  0.48999999999999999                     10095
  0.50000000000000000                     10283
  0.51000000000000001                     10519
  0.52000000000000002                     10712
  0.53000000000000003                     10912
  0.54000000000000004                     11094
  0.55000000000000004                     11303
  0.56000000000000005                     11498
  0.57000000000000006                     11698
  0.57999999999999996                     11867
  0.58999999999999997                     12047
  0.59999999999999998                     12233
  0.60999999999999999                     12429
  0.62000000000000000                     12604
  0.63000000000000000                     12824
  0.64000000000000001                     13024
  0.65000000000000002                     13234
  0.66000000000000003                     13418
  0.67000000000000004                     13622
  0.68000000000000005                     13800
  0.69000000000000006                     13991
  0.70000000000000007                     14167
  0.70999999999999996                     14375
  0.71999999999999997                     14576
  0.72999999999999998                     14765
  0.73999999999999999                     14951
  0.75000000000000000                     15200
  0.76000000000000001                     15416
  0.77000000000000002                     15623
  0.78000000000000003                     15816
  0.79000000000000004                     16022
  0.80000000000000004                     16233
  0.81000000000000005                     16422
  0.82000000000000006                     16589
  0.83000000000000007                     16766
  0.83999999999999997                     16950
  0.84999999999999998                     17132
  0.85999999999999999                     17292
  0.87000000000000000                     17509
  0.88000000000000000                     17683
  0.89000000000000001                     17847
  0.90000000000000002                     18052
  0.91000000000000003                     18260
  0.92000000000000004                     18448
  0.93000000000000005                     18679
  0.94000000000000006                     18912
  0.95000000000000007                     19094
  0.95999999999999996                     19255
  0.96999999999999997                     19445
  0.97999999999999998                     19659
  0.98999999999999999                     19859
   1.0000000000000000                     20054
   1.0100000000000000                     20257
   1.0200000000000000                     20460
   1.0300000000000000                     20688
   1.0400000000000000                     20882
   1.0500000000000000                     21107
   1.0600000000000001                     21318
   1.0700000000000001                     21471
   1.0800000000000001                     21693
   1.0900000000000001                     21946
   1.1000000000000001                     22167
   1.1100000000000001                     22376
   1.1200000000000001                     22567
   1.1300000000000001                     22809
   1.1400000000000001                     23016
   1.1500000000000001                     23264
   1.1599999999999999                     23486
   1.1699999999999999                     23696
   1.1799999999999999                     23893
   1.1899999999999999                     24151
   1.2000000000000000                     24366
   1.2100000000000000                     24599
   1.2200000000000000                     24819
   1.2300000000000000                     25054
   1.2400000000000000                     25239
   1.2500000000000000                     25466
   1.2600000000000000                     25704
   1.2700000000000000                     25956
   1.2800000000000000                     26176
   1.2900000000000000                     26400
   1.3000000000000000                     26610
   1.3100000000000001                     26834
   1.3200000000000001                     27033
   1.3300000000000001                     27242
   1.3400000000000001                     27443
   1.3500000000000001                     27675
   1.3600000000000001                     27891
   1.3700000000000001                     28112
   1.3800000000000001                     28314
   1.3900000000000001                     28472
   1.4000000000000001                     28670
   1.4099999999999999                     28887
   1.4199999999999999                     29103
   1.4299999999999999                     29310
   1.4399999999999999                     29528
   1.4500000000000000                     29752
   1.4600000000000000                     30012
   1.4700000000000000                     30249
   1.4800000000000000                     30477
   1.4900000000000000                     30672
   1.5000000000000000                     30857
   1.5100000000000000                     31042
   1.5200000000000000                     31279
   1.5300000000000000                     31526
   1.5400000000000000                     31782
   1.5500000000000000                     32047
   1.5600000000000001                     32256
   1.5700000000000001                     32509
   1.5800000000000001                     32776
   1.5900000000000001                     32959
   1.6000000000000001                     33173
   1.6100000000000001                     33390
   1.6200000000000001                     33650
   1.6300000000000001                     33848
   1.6400000000000001                     34074
   1.6500000000000001                     34271
   1.6600000000000001                     34519
   1.6699999999999999                     34773
   1.6799999999999999                     34965
   1.6899999999999999                     35177
   1.7000000000000000                     35464
   1.7100000000000000                     35666
   1.7200000000000000                     35907
   1.7300000000000000                     36148
   1.7400000000000000                     36402
   1.7500000000000000                     36609
   1.7600000000000000                     36835
   1.7700000000000000                     37081
   1.7800000000000000                     37283
   1.7900000000000000                     37498
   1.8000000000000000                     37711
   1.8100000000000001                     37961
   1.8200000000000001                     38164
   1.8300000000000001                     38386
   1.8400000000000001                     38656
   1.8500000000000001                     38867
   1.8600000000000001                     39056
   1.8700000000000001                     39305
   1.8800000000000001                     39565
   1.8900000000000001                     39804
   1.9000000000000001                     40018
   1.9100000000000001                     40239
   1.9199999999999999                     40513
   1.9299999999999999                     40765
   1.9399999999999999                     40980
   1.9500000000000000                     41199
   1.9600000000000000                     41425
   1.9700000000000000                     41641
   1.9800000000000000                     41887
   1.9900000000000000                     42150
   2.0000000000000000                     42401
   2.0100000000000002                     42615
   2.0200000000000000                     42902
   2.0300000000000002                     43155
   2.0400000000000000                     43352
   2.0499999999999998                     43566
   2.0600000000000001                     43817
   2.0699999999999998                     44044
   2.0800000000000001                     44314
   2.0899999999999999                     44580
   2.1000000000000001                     44811
   2.1099999999999999                     45028
   2.1200000000000001                     45289
   2.1299999999999999                     45516
   2.1400000000000001                     45784
   2.1499999999999999                     46045
   2.1600000000000001                     46292
   2.1699999999999999                     46462
   2.1800000000000002                     46715
   2.1899999999999999                     46938
   2.2000000000000002                     47209
   2.2100000000000000                     47488
   2.2200000000000002                     47748
   2.2300000000000000                     47975
   2.2400000000000002                     48183
   2.2500000000000000                     48396
   2.2600000000000002                     48593
   2.2700000000000000                     48861
   2.2800000000000002                     49109
   2.2900000000000000                     49336
   2.3000000000000003                     49600
   2.3100000000000001                     49873
   2.3199999999999998                     50115
   2.3300000000000001                     50378
   2.3399999999999999                     50589
   2.3500000000000001                     50854
   2.3599999999999999                     51120
   2.3700000000000001                     51350
   2.3799999999999999                     51635
   2.3900000000000001                     51897
   2.3999999999999999                     52137
   2.4100000000000001                     52415
   2.4199999999999999                     52656
   2.4300000000000002                     52874
   2.4399999999999999                     53119
   2.4500000000000002                     53356
   2.4600000000000000                     53631
   2.4700000000000002                     53913
   2.4800000000000000                     54170
   2.4900000000000002                     54417
   2.5000000000000000                     54641
   2.5100000000000002                     54892
   2.5200000000000000                     55094
   2.5300000000000002                     55358
   2.5400000000000000                     55627
   2.5500000000000003                     55901
   2.5600000000000001                     56173
   2.5699999999999998                     56428
   2.5800000000000001                     56695
   2.5899999999999999                     56955
   2.6000000000000001                     57205
   2.6099999999999999                     57451
   2.6200000000000001                     57728
   2.6299999999999999                     58015
   2.6400000000000001                     58298
   2.6499999999999999                     58607
   2.6600000000000001                     58876
   2.6699999999999999                     59096
   2.6800000000000002                     59345
   2.6899999999999999                     59588
   2.7000000000000002                     59868
   2.7100000000000000                     60159
   2.7200000000000002                     60461
   2.7300000000000000                     60734
   2.7400000000000002                     60970
   2.7500000000000000                     61289
   2.7600000000000002                     61573
   2.7700000000000000                     61871
   2.7800000000000002                     62060
   2.7900000000000000                     62310
   2.8000000000000003                     62529
   2.8100000000000001                     62770
   2.8199999999999998                     63069
   2.8300000000000001                     63337
   2.8399999999999999                     63604
   2.8500000000000001                     63928
   2.8599999999999999                     64185
   2.8700000000000001                     64489
   2.8799999999999999                     64794
   2.8900000000000001                     65049
   2.8999999999999999                     65362
   2.9100000000000001                     65660
   2.9199999999999999                     65989
   2.9300000000000002                     66302
   2.9399999999999999                     66571
   2.9500000000000002                     66810
   2.9600000000000000                     67096
   2.9700000000000002                     67340
   2.9800000000000000                     67687
   2.9900000000000002                     67953
   3.0000000000000000                     68173
   3.0100000000000002                     68474
   3.0200000000000000                     68761
   3.0300000000000002                     69035
   3.0400000000000000                     69357
   3.0500000000000003                     69619
   3.0600000000000001                     69817
   3.0700000000000003                     70126
   3.0800000000000001                     70371
   3.0899999999999999                     70661
   3.1000000000000001                     70922
   3.1099999999999999                     71143
   3.1200000000000001                     71452
   3.1299999999999999                     71761
   3.1400000000000001                     72012
   3.1499999999999999                     72253
   3.1600000000000001                     72519
   3.1699999999999999                     72747
   3.1800000000000002                     73045
   3.1899999999999999                     73287
   3.2000000000000002                     73537
   3.2100000000000000                     73871
   3.2200000000000002                     74159
   3.2300000000000000                     74437
   3.2400000000000002                     74716
   3.2500000000000000                     75000
   3.2600000000000002                     75293
   3.2700000000000000                     75619
   3.2800000000000002                     75922
   3.2900000000000000                     76215
   3.3000000000000003                     76483
   3.3100000000000001                     76736
   3.3200000000000003                     77057
   3.3300000000000001                     77302
   3.3399999999999999                     77560
   3.3500000000000001                     77895
   3.3599999999999999                     78168
   3.3700000000000001                     78415
   3.3799999999999999                     78704
   3.3900000000000001                     79010
   3.3999999999999999                     79306
   3.4100000000000001                     79629
   3.4199999999999999                     79864
   3.4300000000000002                     80186
   3.4399999999999999                     80481
   3.4500000000000002                     80758
   3.4600000000000000                     81042
   3.4700000000000002                     81274
   3.4800000000000000                     81559
   3.4900000000000002                     81825
   3.5000000000000000                     82113
   3.5100000000000002                     82374
   3.5200000000000000                     82658
   3.5300000000000002                     82918
   3.5400000000000000                     83192
   3.5500000000000003                     83514
   3.5600000000000001                     83854
   3.5700000000000003                     84157
   3.5800000000000001                     84416
   3.5899999999999999                     84674
   3.6000000000000001                     84925
   3.6099999999999999                     85254
   3.6200000000000001                     85529
   3.6299999999999999                     85848
   3.6400000000000001                     86118
   3.6499999999999999                     86398
   3.6600000000000001                     86661
   3.6699999999999999                     86930
   3.6800000000000002                     87219
   3.6899999999999999                     87498
   3.7000000000000002                     87757
   3.7100000000000000                     88031
   3.7200000000000002                     88326
   3.7300000000000000                     88561
   3.7400000000000002                     88812
   3.7500000000000000                     89052
   3.7600000000000002                     89268
   3.7700000000000000                     89574
   3.7800000000000002                     89885
   3.7900000000000000                     90135
   3.8000000000000003                     90371
   3.8100000000000001                     90634
   3.8200000000000003                     90950
   3.8300000000000001                     91175
   3.8399999999999999                     91481
   3.8500000000000001                     91765
   3.8599999999999999                     92043
   3.8700000000000001                     92269
   3.8799999999999999                     92532
   3.8900000000000001                     92816
   3.8999999999999999                     93154
   3.9100000000000001                     93422
   3.9199999999999999                     93668
   3.9300000000000002                     93894
   3.9399999999999999                     94167
   3.9500000000000002                     94428
   3.9600000000000000                     94666
   3.9700000000000002                     94932
   3.9800000000000000                     95151
   3.9900000000000002                     95411
   4.0000000000000000                     95710
   4.0099999999999998                     95961
   4.0200000000000005                     96202
   4.0300000000000002                     96462
   4.0400000000000000                     96689
   4.0499999999999998                     96977
   4.0600000000000005                     97320
   4.0700000000000003                     97645
   4.0800000000000001                     97953
   4.0899999999999999                     98206
   4.0999999999999996                     98440
   4.1100000000000003                     98663
   4.1200000000000001                     98856
   4.1299999999999999                     99112
   4.1399999999999997                     99397
   4.1500000000000004                     99692
   4.1600000000000001                     99886
   4.1699999999999999                    100188
   4.1799999999999997                    100427
   4.1900000000000004                    100719
   4.2000000000000002                    101027
   4.2100000000000000                    101277
   4.2199999999999998                    101556
   4.2300000000000004                    101847
   4.2400000000000002                    102123
   4.2500000000000000                    102419
   4.2599999999999998                    102652
   4.2700000000000005                    102853
   4.2800000000000002                    103118
   4.2900000000000000                    103338
   4.2999999999999998                    103611
   4.3100000000000005                    103798
   4.3200000000000003                    104032
   4.3300000000000001                    104286
   4.3399999999999999                    104539
   4.3500000000000005                    104823
   4.3600000000000003                    105026
   4.3700000000000001                    105255
   4.3799999999999999                    105483
   4.3899999999999997                    105742
   4.4000000000000004                    106071
   4.4100000000000001                    106306
   4.4199999999999999                    106603
   4.4299999999999997                    106887
   4.4400000000000004                    107158
   4.4500000000000002                    107410
   4.4600000000000000                    107669
   4.4699999999999998                    107975
   4.4800000000000004                    108222
   4.4900000000000002                    108451
   4.5000000000000000                    108735
   4.5099999999999998                    108915
   4.5200000000000005                    109132
   4.5300000000000002                    109373
   4.5400000000000000                    109594
   4.5499999999999998                    109804
   4.5600000000000005                    110039
   4.5700000000000003                    110303
   4.5800000000000001                    110577
   4.5899999999999999                    110782
   4.6000000000000005                    111073
   4.6100000000000003                    111310
   4.6200000000000001                    111581
   4.6299999999999999                    111798
   4.6399999999999997                    112059
   4.6500000000000004                    112305
   4.6600000000000001                    112558
   4.6699999999999999                    112834
   4.6799999999999997                    113078
   4.6900000000000004                    113389
   4.7000000000000002                    113623
   4.7100000000000000                    113814
   4.7199999999999998                    114117
   4.7300000000000004                    114299
   4.7400000000000002                    114447
   4.7500000000000000                    114642
   4.7599999999999998                    114884
   4.7700000000000005                    115031
   4.7800000000000002                    115317
   4.7900000000000000                    115529
   4.7999999999999998                    115768
   4.8100000000000005                    115996
   4.8200000000000003                    116214
   4.8300000000000001                    116420
   4.8399999999999999                    116541
   4.8500000000000005                    116788
   4.8600000000000003                    117018
   4.8700000000000001                    117246
   4.8799999999999999                    117449
   4.8899999999999997                    117649
   4.9000000000000004                    117882
   4.9100000000000001                    118126
   4.9199999999999999                    118329
   4.9299999999999997                    118513
   4.9400000000000004                    118706
   4.9500000000000002                    118987
   4.9600000000000000                    119173
   4.9699999999999998                    119402
   4.9800000000000004                    119613
   4.9900000000000002                    119834
   5.0000000000000000                    119996
   5.0099999999999998                    120235
   5.0200000000000005                    120473
   5.0300000000000002                    120642
   5.0400000000000000                    120766
   5.0499999999999998                    120922
   5.0600000000000005                    121093
   5.0700000000000003                    121303
   5.0800000000000001                    121484
   5.0899999999999999                    121663
   5.1000000000000005                    121823
   5.1100000000000003                    122021
   5.1200000000000001                    122216
   5.1299999999999999                    122428
   5.1399999999999997                    122635
   5.1500000000000004                    122802
   5.1600000000000001                    122953
   5.1699999999999999                    123083
   5.1799999999999997                    123367
   5.1900000000000004                    123557
   5.2000000000000002                    123760
   5.2100000000000000                    123892
   5.2199999999999998                    123997
   5.2300000000000004                    124139
   5.2400000000000002                    124237
   5.2500000000000000                    124440
   5.2599999999999998                    124611
   5.2700000000000005                    124789
   5.2800000000000002                    124989
   5.2900000000000000                    125198
   5.2999999999999998                    125363
   5.3100000000000005                    125591
   5.3200000000000003                    125793
   5.3300000000000001                    125986
   5.3399999999999999                    126115
   5.3500000000000005                    126296
   5.3600000000000003                    126466
   5.3700000000000001                    126662
   5.3799999999999999                    126797
   5.3899999999999997                    126948
   5.4000000000000004                    127087
   5.4100000000000001                    127248
   5.4199999999999999                    127400
   5.4299999999999997                    127602
   5.4400000000000004                    127766
   5.4500000000000002                    127930
   5.4600000000000000                    128049
   5.4699999999999998                    128236
   5.4800000000000004                    128365
   5.4900000000000002                    128477
   5.5000000000000000                    128632
   5.5099999999999998                    128752
   5.5200000000000005                    128900
   5.5300000000000002                    129080
   5.5400000000000000                    129183
   5.5499999999999998                    129283
   5.5600000000000005                    129419
   5.5700000000000003                    129492
   5.5800000000000001                    129675
   5.5899999999999999                    129755
   5.6000000000000005                    129844
   5.6100000000000003                    129987
   5.6200000000000001                    130048
   5.6299999999999999                    130140
   5.6399999999999997                    130276
   5.6500000000000004                    130485
   5.6600000000000001                    130591
   5.6699999999999999                    130739
   5.6799999999999997                    130778
   5.6900000000000004                    130857
   5.7000000000000002                    131000
   5.7100000000000000                    131031
   5.7199999999999998                    131117
   5.7300000000000004                    131189
   5.7400000000000002                    131331
   5.7500000000000000                    131457
   5.7599999999999998                    131554
   5.7700000000000005                    131688
   5.7800000000000002                    131741
   5.7900000000000000                    131828
   5.7999999999999998                    131904
   5.8100000000000005                    132021
   5.8200000000000003                    132107
   5.8300000000000001                    132251
   5.8399999999999999                    132392
   5.8500000000000005                    132529
   5.8600000000000003                    132604
   5.8700000000000001                    132650
   5.8799999999999999                    132718
   5.8899999999999997                    132800
   5.9000000000000004                    132869
   5.9100000000000001                    132981
   5.9199999999999999                    133065
   5.9299999999999997                    133146
   5.9400000000000004                    133235
   5.9500000000000002                    133301
   5.9600000000000000                    133339
   5.9699999999999998                    133495
   5.9800000000000004                    133537
   5.9900000000000002                    133570
   6.0000000000000000                    133604
   6.0099999999999998                    133646
   6.0200000000000005                    133749
   6.0300000000000002                    133770
   6.0400000000000000                    133888
   6.0499999999999998                    133957
   6.0600000000000005                    134072
   6.0700000000000003                    134165
   6.0800000000000001                    134222
   6.0899999999999999                    134232
   6.1000000000000005                    134277
   6.1100000000000003                    134310
   6.1200000000000001                    134294
   6.1299999999999999                    134247
   6.1400000000000006                    134263
   6.1500000000000004                    134335
   6.1600000000000001                    134362
   6.1699999999999999                    134409
   6.1799999999999997                    134406
   6.1900000000000004                    134404
   6.2000000000000002                    134417
   6.2100000000000000                    134429
   6.2199999999999998                    134428
   6.2300000000000004                    134404
   6.2400000000000002                    134466
   6.2500000000000000                    134473
   6.2599999999999998                    134487
   6.2700000000000005                    134574
   6.2800000000000002                    134604
   6.2900000000000000                    134612
   6.2999999999999998                    134662
   6.3100000000000005                    134752
   6.3200000000000003                    134704
   6.3300000000000001                    134693
   6.3399999999999999                    134612
   6.3500000000000005                    134700
   6.3600000000000003                    134678
   6.3700000000000001                    134629
   6.3799999999999999                    134608
   6.3900000000000006                    134534
   6.4000000000000004                    134529
   6.4100000000000001                    134499
   6.4199999999999999                    134440
   6.4299999999999997                    134392
   6.4400000000000004                    134356
   6.4500000000000002                    134315
   6.4600000000000000                    134285
   6.4699999999999998                    134297
   6.4800000000000004                    134335
   6.4900000000000002                    134357
   6.5000000000000000                    134363
   6.5099999999999998                    134297
   6.5200000000000005                    134252
   6.5300000000000002                    134174
   6.5400000000000000                    134173
   6.5499999999999998                    134044
   6.5600000000000005                    134007
   6.5700000000000003                    133975
   6.5800000000000001                    133876
   6.5899999999999999                    133794
   6.6000000000000005                    133777
   6.6100000000000003                    133787
   6.6200000000000001                    133779
   6.6299999999999999                    133717
   6.6400000000000006                    133709
   6.6500000000000004                    133623
   6.6600000000000001                    133619
   6.6699999999999999                    133586
   6.6799999999999997                    133436
   6.6900000000000004                    133319
   6.7000000000000002                    133267
   6.7100000000000000                    133239
   6.7199999999999998                    133155
   6.7300000000000004                    133057
   6.7400000000000002                    133007
   6.7500000000000000                    132918
   6.7599999999999998                    132887
   6.7700000000000005                    132724
   6.7800000000000002                    132645
   6.7900000000000000                    132511
   6.7999999999999998                    132446
   6.8100000000000005                    132339
   6.8200000000000003                    132233
   6.8300000000000001                    132106
   6.8399999999999999                    132036
   6.8500000000000005                    131906
   6.8600000000000003                    131843
   6.8700000000000001                    131762
   6.8799999999999999                    131619
   6.8900000000000006                    131506
   6.9000000000000004                    131450
   6.9100000000000001                    131324
   6.9199999999999999                    131161
   6.9299999999999997                    131092
   6.9400000000000004                    131050
   6.9500000000000002                    130925
   6.9600000000000000                    130770
   6.9699999999999998                    130627
   6.9800000000000004                    130544
   6.9900000000000002                    130389
   7.0000000000000000                    130288
   7.0099999999999998                    130176
   7.0200000000000005                    129996
   7.0300000000000002                    129860
   7.0400000000000000                    129751
   7.0499999999999998                    129655
   7.0600000000000005                    129524
   7.0700000000000003                    129370
   7.0800000000000001                    129182
   7.0899999999999999                    128989
   7.1000000000000005                    128863
   7.1100000000000003                    128771
   7.1200000000000001                    128628
   7.1299999999999999                    128518
   7.1400000000000006                    128400
   7.1500000000000004                    128239
   7.1600000000000001                    128079
   7.1699999999999999                    127935
   7.1799999999999997                    127825
   7.1900000000000004                    127704
   7.2000000000000002                    127589
   7.2100000000000000                    127395
   7.2199999999999998                    127224
   7.2300000000000004                    127076
   7.2400000000000002                    126951
   7.2500000000000000                    126808
   7.2599999999999998                    126638
   7.2700000000000005                    126468
   7.2800000000000002                    126283
   7.2900000000000000                    126155
   7.2999999999999998                    125991
   7.3100000000000005                    125889
   7.3200000000000003                    125648
   7.3300000000000001                    125474
   7.3399999999999999                    125304
   7.3500000000000005                    125125
   7.3600000000000003                    124983
   7.3700000000000001                    124771
   7.3799999999999999                    124587
   7.3900000000000006                    124379
   7.4000000000000004                    124182
   7.4100000000000001                    124029
   7.4199999999999999                    123869
   7.4299999999999997                    123670
   7.4400000000000004                    123456
   7.4500000000000002                    123277
   7.4600000000000000                    123112
   7.4699999999999998                    122965
   7.4800000000000004                    122780
   7.4900000000000002                    122554
   7.5000000000000000                    122365
   7.5099999999999998                    122230
   7.5200000000000005                    122018
   7.5300000000000002                    121860
   7.5400000000000000                    121677
   7.5499999999999998                    121479
   7.5600000000000005                    121309
   7.5700000000000003                    121076
   7.5800000000000001                    120845
   7.5899999999999999                    120674
   7.6000000000000005                    120536
   7.6100000000000003                    120335
   7.6200000000000001                    120150
   7.6299999999999999                    119898
   7.6400000000000006                    119684
   7.6500000000000004                    119491
   7.6600000000000001                    119305
   7.6699999999999999                    119092
   7.6799999999999997                    118813
   7.6900000000000004                    118548
   7.7000000000000002                    118330
   7.7100000000000000                    118070
   7.7199999999999998                    117846
   7.7300000000000004                    117614
   7.7400000000000002                    117408
   7.7500000000000000                    117203
   7.7599999999999998                    117000
   7.7700000000000005                    116712
   7.7800000000000002                    116433
   7.7900000000000000                    116228
   7.7999999999999998                    116026
   7.8100000000000005                    115806
   7.8200000000000003                    115588
   7.8300000000000001                    115369
   7.8399999999999999                    115170
   7.8500000000000005                    114959
   7.8600000000000003                    114744
   7.8700000000000001                    114487
   7.8799999999999999                    114235
   7.8900000000000006                    113998
   7.9000000000000004                    113715
   7.9100000000000001                    113468
   7.9199999999999999                    113252
   7.9300000000000006                    112993
   7.9400000000000004                    112781
   7.9500000000000002                    112534
   7.9600000000000000                    112283
   7.9699999999999998                    112048
   7.9800000000000004                    111883
   7.9900000000000002                    111662
   8.0000000000000000                    111423
   8.0099999999999998                    111186
   8.0199999999999996                    110981
   8.0299999999999994                    110736
   8.0400000000000009                    110539
   8.0500000000000007                    110281
   8.0600000000000005                    110049
   8.0700000000000003                    109800
   8.0800000000000001                    109487
   8.0899999999999999                    109305
   8.0999999999999996                    109061
   8.1099999999999994                    108809
   8.1200000000000010                    108599
   8.1300000000000008                    108335
   8.1400000000000006                    108071
   8.1500000000000004                    107811
   8.1600000000000001                    107590
   8.1699999999999999                    107347
   8.1799999999999997                    107122
   8.1899999999999995                    106911
   8.1999999999999993                    106701
   8.2100000000000009                    106487
   8.2200000000000006                    106263
   8.2300000000000004                    106030
   8.2400000000000002                    105776
   8.2500000000000000                    105488
   8.2599999999999998                    105236
   8.2699999999999996                    105009
   8.2799999999999994                    104773
   8.2900000000000009                    104550
   8.3000000000000007                    104309
   8.3100000000000005                    104077
   8.3200000000000003                    103861
   8.3300000000000001                    103578
   8.3399999999999999                    103355
   8.3499999999999996                    103127
   8.3599999999999994                    102936
   8.3700000000000010                    102666
   8.3800000000000008                    102386
   8.3900000000000006                    102133
   8.4000000000000004                    101902
   8.4100000000000001                    101749
   8.4199999999999999                    101450
   8.4299999999999997                    101203
   8.4399999999999995                    100969
   8.4499999999999993                    100742
   8.4600000000000009                    100452
   8.4700000000000006                    100249
   8.4800000000000004                     99985
   8.4900000000000002                     99714
   8.5000000000000000                     99480
   8.5099999999999998                     99254
   8.5199999999999996                     99020
   8.5299999999999994                     98751
   8.5400000000000009                     98479
   8.5500000000000007                     98189
   8.5600000000000005                     97926
   8.5700000000000003                     97674
   8.5800000000000001                     97425
   8.5899999999999999                     97186
   8.5999999999999996                     96944
   8.6099999999999994                     96689
   8.6200000000000010                     96455
   8.6300000000000008                     96203
   8.6400000000000006                     95978
   8.6500000000000004                     95730
   8.6600000000000001                     95476
   8.6699999999999999                     95212
   8.6799999999999997                     94974
   8.6899999999999995                     94725
   8.7000000000000011                     94475
   8.7100000000000009                     94203
   8.7200000000000006                     93947
   8.7300000000000004                     93693
   8.7400000000000002                     93438
   8.7500000000000000                     93221
   8.7599999999999998                     92990
   8.7699999999999996                     92762
   8.7799999999999994                     92465
   8.7900000000000009                     92241
   8.8000000000000007                     91974
   8.8100000000000005                     91714
   8.8200000000000003                     91456
   8.8300000000000001                     91208
   8.8399999999999999                     90950
   8.8499999999999996                     90635
   8.8599999999999994                     90370
   8.8700000000000010                     90112
   8.8800000000000008                     89852
   8.8900000000000006                     89598
   8.9000000000000004                     89343
   8.9100000000000001                     89117
   8.9199999999999999                     88854
   8.9299999999999997                     88589
   8.9399999999999995                     88368
   8.9500000000000011                     88156
   8.9600000000000009                     87872
   8.9700000000000006                     87651
   8.9800000000000004                     87424
   8.9900000000000002                     87169
   9.0000000000000000                     86918
   9.0099999999999998                     86647
   9.0199999999999996                     86366
   9.0299999999999994                     86111
   9.0400000000000009                     85832
   9.0500000000000007                     85606
   9.0600000000000005                     85338
   9.0700000000000003                     85059
   9.0800000000000001                     84874
   9.0899999999999999                     84637
   9.0999999999999996                     84416
   9.1099999999999994                     84145
   9.1200000000000010                     83899
   9.1300000000000008                     83633
   9.1400000000000006                     83351
   9.1500000000000004                     83078
   9.1600000000000001                     82833
   9.1699999999999999                     82581
   9.1799999999999997                     82358
   9.1899999999999995                     82154
   9.2000000000000011                     81907
   9.2100000000000009                     81646
   9.2200000000000006                     81369
   9.2300000000000004                     81085
   9.2400000000000002                     80826
   9.2500000000000000                     80607
   9.2599999999999998                     80303
   9.2699999999999996                     80059
   9.2799999999999994                     79834
   9.2900000000000009                     79577
   9.3000000000000007                     79314
   9.3100000000000005                     79059
   9.3200000000000003                     78808
   9.3300000000000001                     78583
   9.3399999999999999                     78338
   9.3499999999999996                     78088
   9.3599999999999994                     77846
   9.3700000000000010                     77578
   9.3800000000000008                     77351
   9.3900000000000006                     77119
   9.4000000000000004                     76871
   9.4100000000000001                     76661
   9.4199999999999999                     76405
   9.4299999999999997                     76133
   9.4399999999999995                     75884
   9.4500000000000011                     75604
   9.4600000000000009                     75356
   9.4700000000000006                     75133
   9.4800000000000004                     74893
   9.4900000000000002                     74642
   9.5000000000000000                     74399
   9.5099999999999998                     74123
   9.5199999999999996                     73889
   9.5299999999999994                     73628
   9.5400000000000009                     73377
   9.5500000000000007                     73140
   9.5600000000000005                     72918
   9.5700000000000003                     72660
   9.5800000000000001                     72417
   9.5899999999999999                     72159
   9.5999999999999996                     71934
   9.6099999999999994                     71736
   9.6200000000000010                     71505
   9.6300000000000008                     71245
   9.6400000000000006                     71029
   9.6500000000000004                     70787
   9.6600000000000001                     70564
   9.6699999999999999                     70275
   9.6799999999999997                     70020
   9.6899999999999995                     69778
   9.7000000000000011                     69558
   9.7100000000000009                     69311
   9.7200000000000006                     69071
   9.7300000000000004                     68840
   9.7400000000000002                     68614
   9.7500000000000000                     68376
   9.7599999999999998                     68146
   9.7699999999999996                     67955
   9.7799999999999994                     67714
   9.7900000000000009                     67506
   9.8000000000000007                     67273
   9.8100000000000005                     67016
   9.8200000000000003                     66765
   9.8300000000000001                     66536
   9.8399999999999999                     66293
   9.8499999999999996                     66041
   9.8599999999999994                     65779
   9.8700000000000010                     65566
   9.8800000000000008                     65334
   9.8900000000000006                     65100
   9.9000000000000004                     64865
   9.9100000000000001                     64675
   9.9199999999999999                     64453
   9.9299999999999997                     64208
   9.9399999999999995                     63997
   9.9500000000000011                     63762
   9.9600000000000009                     63553
   9.9700000000000006                     63323
   9.9800000000000004                     63121
   9.9900000000000002                     62870
   10.000000000000000                     62646
