   0.0000000000000000                         0
   1.0000000000000000E-002                  186
   2.0000000000000000E-002                  381
   2.9999999999999999E-002                  589
   4.0000000000000001E-002                  784
   5.0000000000000003E-002                  978
   5.9999999999999998E-002                 1196
   7.0000000000000007E-002                 1419
   8.0000000000000002E-002                 1579
   8.9999999999999997E-002                 1746
  0.10000000000000001                      1932
  0.11000000000000000                      2130
  0.12000000000000000                      2308
  0.13000000000000000                      2507
  0.14000000000000001                      2702
  0.14999999999999999                      2888
  0.16000000000000000                      3089
  0.17000000000000001                      3290
  0.17999999999999999                      3506
  0.19000000000000000                      3703
  0.20000000000000001                      3880
  0.20999999999999999                      4103
  0.22000000000000000                      4311
  0.23000000000000001                      4512
  0.23999999999999999                      4732
  0.25000000000000000                      4930
  0.26000000000000001                      5142
  0.27000000000000002                      5339
  0.28000000000000003                      5561
  0.28999999999999998                      5753
  0.29999999999999999                      5956
  0.31000000000000000                      6151
  0.32000000000000001                      6349
  0.33000000000000002                      6533
  0.34000000000000002                      6749
  0.35000000000000003                      6937
  0.35999999999999999                      7132
  0.37000000000000000                      7313
  0.38000000000000000                      7542
  0.39000000000000001                      7765
  0.40000000000000002                      7931
  0.41000000000000003                      8108
  0.41999999999999998                      8281
  0.42999999999999999                      8492
  0.44000000000000000                      8704
  0.45000000000000001                      8907
  0.46000000000000002                      9132
  0.47000000000000003                      9357
  0.47999999999999998                      9555
  0.48999999999999999                      9762
  0.50000000000000000                      9943
  0.51000000000000001                     10187
  0.52000000000000002                     10379
  0.53000000000000003                     10597
  0.54000000000000004                     10791
  0.55000000000000004                     11017
  0.56000000000000005                     11250
  0.57000000000000006                     11433
  0.57999999999999996                     11623
  0.58999999999999997                     11841
  0.59999999999999998                     12057
  0.60999999999999999                     12236
  0.62000000000000000                     12437
  0.63000000000000000                     12659
  0.64000000000000001                     12831
  0.65000000000000002                     13030
  0.66000000000000003                     13198
  0.67000000000000004                     13365
  0.68000000000000005                     13571
  0.69000000000000006                     13756
  0.70000000000000007                     13947
  0.70999999999999996                     14104
  0.71999999999999997                     14300
  0.72999999999999998                     14509
  0.73999999999999999                     14682
  0.75000000000000000                     14881
  0.76000000000000001                     15086
  0.77000000000000002                     15297
  0.78000000000000003                     15481
  0.79000000000000004                     15670
  0.80000000000000004                     15848
  0.81000000000000005                     16014
  0.82000000000000006                     16244
  0.83000000000000007                     16408
  0.83999999999999997                     16603
  0.84999999999999998                     16812
  0.85999999999999999                     17003
  0.87000000000000000                     17202
  0.88000000000000000                     17421
  0.89000000000000001                     17636
  0.90000000000000002                     17819
  0.91000000000000003                     17992
  0.92000000000000004                     18177
  0.93000000000000005                     18360
  0.94000000000000006                     18519
  0.95000000000000007                     18738
  0.95999999999999996                     18937
  0.96999999999999997                     19122
  0.97999999999999998                     19311
  0.98999999999999999                     19488
   1.0000000000000000                     19705
   1.0100000000000000                     19935
   1.0200000000000000                     20155
   1.0300000000000000                     20351
   1.0400000000000000                     20573
   1.0500000000000000                     20781
   1.0600000000000001                     20994
   1.0700000000000001                     21189
   1.0800000000000001                     21382
   1.0900000000000001                     21556
   1.1000000000000001                     21758
   1.1100000000000001                     21968
   1.1200000000000001                     22202
   1.1300000000000001                     22440
   1.1400000000000001                     22615
   1.1500000000000001                     22826
   1.1599999999999999                     23078
   1.1699999999999999                     23281
   1.1799999999999999                     23451
   1.1899999999999999                     23641
   1.2000000000000000                     23846
   1.2100000000000000                     24023
   1.2200000000000000                     24247
   1.2300000000000000                     24413
   1.2400000000000000                     24612
   1.2500000000000000                     24849
   1.2600000000000000                     25107
   1.2700000000000000                     25348
   1.2800000000000000                     25589
   1.2900000000000000                     25795
   1.3000000000000000                     25988
   1.3100000000000001                     26186
   1.3200000000000001                     26396
   1.3300000000000001                     26622
   1.3400000000000001                     26848
   1.3500000000000001                     26996
   1.3600000000000001                     27187
   1.3700000000000001                     27422
   1.3800000000000001                     27624
   1.3900000000000001                     27823
   1.4000000000000001                     28005
   1.4099999999999999                     28239
   1.4199999999999999                     28434
   1.4299999999999999                     28648
   1.4399999999999999                     28897
   1.4500000000000000                     29145
   1.4600000000000000                     29367
   1.4700000000000000                     29551
   1.4800000000000000                     29732
   1.4900000000000000                     29954
   1.5000000000000000                     30224
   1.5100000000000000                     30445
   1.5200000000000000                     30646
   1.5300000000000000                     30915
   1.5400000000000000                     31144
   1.5500000000000000                     31357
   1.5600000000000001                     31586
   1.5700000000000001                     31796
   1.5800000000000001                     32044
   1.5900000000000001                     32258
   1.6000000000000001                     32444
   1.6100000000000001                     32696
   1.6200000000000001                     32882
   1.6300000000000001                     33085
   1.6400000000000001                     33329
   1.6500000000000001                     33557
   1.6600000000000001                     33757
   1.6699999999999999                     33975
   1.6799999999999999                     34239
   1.6899999999999999                     34451
   1.7000000000000000                     34660
   1.7100000000000000                     34861
   1.7200000000000000                     35040
   1.7300000000000000                     35273
   1.7400000000000000                     35491
   1.7500000000000000                     35702
   1.7600000000000000                     35911
   1.7700000000000000                     36163
   1.7800000000000000                     36392
   1.7900000000000000                     36613
   1.8000000000000000                     36815
   1.8100000000000001                     37012
   1.8200000000000001                     37238
   1.8300000000000001                     37436
   1.8400000000000001                     37672
   1.8500000000000001                     37925
   1.8600000000000001                     38115
   1.8700000000000001                     38307
   1.8800000000000001                     38556
   1.8900000000000001                     38791
   1.9000000000000001                     38982
   1.9100000000000001                     39190
   1.9199999999999999                     39437
   1.9299999999999999                     39664
   1.9399999999999999                     39911
   1.9500000000000000                     40089
   1.9600000000000000                     40277
   1.9700000000000000                     40552
   1.9800000000000000                     40725
   1.9900000000000000                     40969
   2.0000000000000000                     41185
   2.0100000000000002                     41423
   2.0200000000000000                     41642
   2.0300000000000002                     41897
   2.0400000000000000                     42103
   2.0499999999999998                     42348
   2.0600000000000001                     42603
   2.0699999999999998                     42866
   2.0800000000000001                     43119
   2.0899999999999999                     43401
   2.1000000000000001                     43661
   2.1099999999999999                     43881
   2.1200000000000001                     44136
   2.1299999999999999                     44375
   2.1400000000000001                     44613
   2.1499999999999999                     44894
   2.1600000000000001                     45151
   2.1699999999999999                     45395
   2.1800000000000002                     45664
   2.1899999999999999                     45896
   2.2000000000000002                     46140
   2.2100000000000000                     46440
   2.2200000000000002                     46677
   2.2300000000000000                     46870
   2.2400000000000002                     47082
   2.2500000000000000                     47357
   2.2600000000000002                     47592
   2.2700000000000000                     47833
   2.2800000000000002                     48058
   2.2900000000000000                     48327
   2.3000000000000003                     48600
   2.3100000000000001                     48836
   2.3199999999999998                     49084
   2.3300000000000001                     49321
   2.3399999999999999                     49543
   2.3500000000000001                     49773
   2.3599999999999999                     50076
   2.3700000000000001                     50331
   2.3799999999999999                     50577
   2.3900000000000001                     50876
   2.3999999999999999                     51126
   2.4100000000000001                     51351
   2.4199999999999999                     51603
   2.4300000000000002                     51859
   2.4399999999999999                     52155
   2.4500000000000002                     52411
   2.4600000000000000                     52626
   2.4700000000000002                     52918
   2.4800000000000000                     53157
   2.4900000000000002                     53431
   2.5000000000000000                     53689
   2.5100000000000002                     53863
   2.5200000000000000                     54081
   2.5300000000000002                     54296
   2.5400000000000000                     54543
   2.5500000000000003                     54793
   2.5600000000000001                     54994
   2.5699999999999998                     55205
   2.5800000000000001                     55483
   2.5899999999999999                     55713
   2.6000000000000001                     55980
   2.6099999999999999                     56237
   2.6200000000000001                     56516
   2.6299999999999999                     56753
   2.6400000000000001                     56961
   2.6499999999999999                     57181
   2.6600000000000001                     57425
   2.6699999999999999                     57696
   2.6800000000000002                     57957
   2.6899999999999999                     58245
   2.7000000000000002                     58491
   2.7100000000000000                     58762
   2.7200000000000002                     59003
   2.7300000000000000                     59251
   2.7400000000000002                     59497
   2.7500000000000000                     59758
   2.7600000000000002                     60011
   2.7700000000000000                     60291
   2.7800000000000002                     60567
   2.7900000000000000                     60885
   2.8000000000000003                     61167
   2.8100000000000001                     61426
   2.8199999999999998                     61723
   2.8300000000000001                     62015
   2.8399999999999999                     62205
   2.8500000000000001                     62505
   2.8599999999999999                     62769
   2.8700000000000001                     63017
   2.8799999999999999                     63297
   2.8900000000000001                     63607
   2.8999999999999999                     63847
   2.9100000000000001                     64073
   2.9199999999999999                     64330
   2.9300000000000002                     64570
   2.9399999999999999                     64797
   2.9500000000000002                     65028
   2.9600000000000000                     65300
   2.9700000000000002                     65578
   2.9800000000000000                     65847
   2.9900000000000002                     66143
   3.0000000000000000                     66390
   3.0100000000000002                     66613
   3.0200000000000000                     66852
   3.0300000000000002                     67090
   3.0400000000000000                     67354
   3.0500000000000003                     67599
   3.0600000000000001                     67855
   3.0700000000000003                     68086
   3.0800000000000001                     68353
   3.0899999999999999                     68650
   3.1000000000000001                     68867
   3.1099999999999999                     69114
   3.1200000000000001                     69386
   3.1299999999999999                     69667
   3.1400000000000001                     69941
   3.1499999999999999                     70198
   3.1600000000000001                     70499
   3.1699999999999999                     70783
   3.1800000000000002                     71086
   3.1899999999999999                     71335
   3.2000000000000002                     71577
   3.2100000000000000                     71828
   3.2200000000000002                     72077
   3.2300000000000000                     72373
   3.2400000000000002                     72631
   3.2500000000000000                     72897
   3.2600000000000002                     73164
   3.2700000000000000                     73425
   3.2800000000000002                     73644
   3.2900000000000000                     73904
   3.3000000000000003                     74183
   3.3100000000000001                     74488
   3.3200000000000003                     74817
   3.3300000000000001                     75097
   3.3399999999999999                     75411
   3.3500000000000001                     75647
   3.3599999999999999                     75854
   3.3700000000000001                     76113
   3.3799999999999999                     76380
   3.3900000000000001                     76675
   3.3999999999999999                     76932
   3.4100000000000001                     77215
   3.4199999999999999                     77488
   3.4300000000000002                     77773
   3.4399999999999999                     78068
   3.4500000000000002                     78321
   3.4600000000000000                     78585
   3.4700000000000002                     78884
   3.4800000000000000                     79139
   3.4900000000000002                     79420
   3.5000000000000000                     79654
   3.5100000000000002                     79921
   3.5200000000000000                     80171
   3.5300000000000002                     80419
   3.5400000000000000                     80691
   3.5500000000000003                     80960
   3.5600000000000001                     81202
   3.5700000000000003                     81448
   3.5800000000000001                     81699
   3.5899999999999999                     81978
   3.6000000000000001                     82271
   3.6099999999999999                     82535
   3.6200000000000001                     82775
   3.6299999999999999                     83083
   3.6400000000000001                     83366
   3.6499999999999999                     83684
   3.6600000000000001                     83966
   3.6699999999999999                     84221
   3.6800000000000002                     84510
   3.6899999999999999                     84789
   3.7000000000000002                     85057
   3.7100000000000000                     85324
   3.7200000000000002                     85546
   3.7300000000000000                     85762
   3.7400000000000002                     86057
   3.7500000000000000                     86307
   3.7600000000000002                     86619
   3.7700000000000000                     86917
   3.7800000000000002                     87167
   3.7900000000000000                     87477
   3.8000000000000003                     87729
   3.8100000000000001                     88008
   3.8200000000000003                     88259
   3.8300000000000001                     88588
   3.8399999999999999                     88899
   3.8500000000000001                     89203
   3.8599999999999999                     89464
   3.8700000000000001                     89798
   3.8799999999999999                     90086
   3.8900000000000001                     90389
   3.8999999999999999                     90641
   3.9100000000000001                     90918
   3.9199999999999999                     91164
   3.9300000000000002                     91494
   3.9399999999999999                     91772
   3.9500000000000002                     92070
   3.9600000000000000                     92338
   3.9700000000000002                     92554
   3.9800000000000000                     92794
   3.9900000000000002                     93110
   4.0000000000000000                     93347
   4.0099999999999998                     93628
   4.0200000000000005                     93829
   4.0300000000000002                     94115
   4.0400000000000000                     94298
   4.0499999999999998                     94547
   4.0600000000000005                     94805
   4.0700000000000003                     94981
   4.0800000000000001                     95214
   4.0899999999999999                     95474
   4.0999999999999996                     95729
   4.1100000000000003                     95973
   4.1200000000000001                     96259
   4.1299999999999999                     96513
   4.1399999999999997                     96695
   4.1500000000000004                     96943
   4.1600000000000001                     97170
   4.1699999999999999                     97513
   4.1799999999999997                     97804
   4.1900000000000004                     98028
   4.2000000000000002                     98266
   4.2100000000000000                     98532
   4.2199999999999998                     98777
   4.2300000000000004                     99011
   4.2400000000000002                     99267
   4.2500000000000000                     99517
   4.2599999999999998                     99752
   4.2700000000000005                    100056
   4.2800000000000002                    100288
   4.2900000000000000                    100597
   4.2999999999999998                    100883
   4.3100000000000005                    101141
   4.3200000000000003                    101424
   4.3300000000000001                    101658
   4.3399999999999999                    101945
   4.3500000000000005                    102146
   4.3600000000000003                    102403
   4.3700000000000001                    102691
   4.3799999999999999                    102935
   4.3899999999999997                    103206
   4.4000000000000004                    103491
   4.4100000000000001                    103761
   4.4199999999999999                    104010
   4.4299999999999997                    104170
   4.4400000000000004                    104361
   4.4500000000000002                    104603
   4.4600000000000000                    104844
   4.4699999999999998                    105100
   4.4800000000000004                    105372
   4.4900000000000002                    105601
   4.5000000000000000                    105801
   4.5099999999999998                    106075
   4.5200000000000005                    106330
   4.5300000000000002                    106501
   4.5400000000000000                    106744
   4.5499999999999998                    106956
   4.5600000000000005                    107152
   4.5700000000000003                    107339
   4.5800000000000001                    107642
   4.5899999999999999                    107881
   4.6000000000000005                    108151
   4.6100000000000003                    108357
   4.6200000000000001                    108587
   4.6299999999999999                    108818
   4.6399999999999997                    109060
   4.6500000000000004                    109293
   4.6600000000000001                    109520
   4.6699999999999999                    109674
   4.6799999999999997                    109899
   4.6900000000000004                    110143
   4.7000000000000002                    110405
   4.7100000000000000                    110662
   4.7199999999999998                    110883
   4.7300000000000004                    111125
   4.7400000000000002                    111309
   4.7500000000000000                    111526
   4.7599999999999998                    111728
   4.7700000000000005                    111922
   4.7800000000000002                    112132
   4.7900000000000000                    112337
   4.7999999999999998                    112500
   4.8100000000000005                    112704
   4.8200000000000003                    112960
   4.8300000000000001                    113213
   4.8399999999999999                    113436
   4.8500000000000005                    113622
   4.8600000000000003                    113856
   4.8700000000000001                    114062
   4.8799999999999999                    114277
   4.8899999999999997                    114411
   4.9000000000000004                    114576
   4.9100000000000001                    114773
   4.9199999999999999                    114988
   4.9299999999999997                    115206
   4.9400000000000004                    115428
   4.9500000000000002                    115659
   4.9600000000000000                    115842
   4.9699999999999998                    116033
   4.9800000000000004                    116270
   4.9900000000000002                    116431
   5.0000000000000000                    116597
   5.0099999999999998                    116863
   5.0200000000000005                    117044
   5.0300000000000002                    117236
   5.0400000000000000                    117481
   5.0499999999999998                    117665
   5.0600000000000005                    117815
   5.0700000000000003                    117998
   5.0800000000000001                    118205
   5.0899999999999999                    118456
   5.1000000000000005                    118684
   5.1100000000000003                    118887
   5.1200000000000001                    119088
   5.1299999999999999                    119331
   5.1399999999999997                    119506
   5.1500000000000004                    119681
   5.1600000000000001                    119855
   5.1699999999999999                    119988
   5.1799999999999997                    120184
   5.1900000000000004                    120381
   5.2000000000000002                    120590
   5.2100000000000000                    120737
   5.2199999999999998                    120855
   5.2300000000000004                    121054
   5.2400000000000002                    121206
   5.2500000000000000                    121327
   5.2599999999999998                    121461
   5.2700000000000005                    121685
   5.2800000000000002                    121814
   5.2900000000000000                    121947
   5.2999999999999998                    122138
   5.3100000000000005                    122337
   5.3200000000000003                    122529
   5.3300000000000001                    122696
   5.3399999999999999                    122877
   5.3500000000000005                    122981
   5.3600000000000003                    123177
   5.3700000000000001                    123338
   5.3799999999999999                    123443
   5.3899999999999997                    123665
   5.4000000000000004                    123779
   5.4100000000000001                    123932
   5.4199999999999999                    124063
   5.4299999999999997                    124207
   5.4400000000000004                    124311
   5.4500000000000002                    124410
   5.4600000000000000                    124533
   5.4699999999999998                    124655
   5.4800000000000004                    124827
   5.4900000000000002                    125013
   5.5000000000000000                    125164
   5.5099999999999998                    125319
   5.5200000000000005                    125390
   5.5300000000000002                    125531
   5.5400000000000000                    125661
   5.5499999999999998                    125808
   5.5600000000000005                    125935
   5.5700000000000003                    126099
   5.5800000000000001                    126261
   5.5899999999999999                    126368
   5.6000000000000005                    126472
   5.6100000000000003                    126620
   5.6200000000000001                    126763
   5.6299999999999999                    126882
   5.6399999999999997                    126968
   5.6500000000000004                    127102
   5.6600000000000001                    127183
   5.6699999999999999                    127331
   5.6799999999999997                    127386
   5.6900000000000004                    127475
   5.7000000000000002                    127499
   5.7100000000000000                    127652
   5.7199999999999998                    127751
   5.7300000000000004                    127778
   5.7400000000000002                    127868
   5.7500000000000000                    127968
   5.7599999999999998                    128091
   5.7700000000000005                    128171
   5.7800000000000002                    128247
   5.7900000000000000                    128327
   5.7999999999999998                    128411
   5.8100000000000005                    128495
   5.8200000000000003                    128625
   5.8300000000000001                    128649
   5.8399999999999999                    128745
   5.8500000000000005                    128815
   5.8600000000000003                    128815
   5.8700000000000001                    128870
   5.8799999999999999                    129028
   5.8899999999999997                    129097
   5.9000000000000004                    129201
   5.9100000000000001                    129301
   5.9199999999999999                    129373
   5.9299999999999997                    129430
   5.9400000000000004                    129542
   5.9500000000000002                    129616
   5.9600000000000000                    129714
   5.9699999999999998                    129799
   5.9800000000000004                    129812
   5.9900000000000002                    129831
   6.0000000000000000                    129898
   6.0099999999999998                    129945
   6.0200000000000005                    130037
   6.0300000000000002                    130090
   6.0400000000000000                    130118
   6.0499999999999998                    130146
   6.0600000000000005                    130259
   6.0700000000000003                    130351
   6.0800000000000001                    130407
   6.0899999999999999                    130527
   6.1000000000000005                    130622
   6.1100000000000003                    130688
   6.1200000000000001                    130745
   6.1299999999999999                    130758
   6.1400000000000006                    130829
   6.1500000000000004                    130886
   6.1600000000000001                    130978
   6.1699999999999999                    131010
   6.1799999999999997                    131010
   6.1900000000000004                    131010
   6.2000000000000002                    130993
   6.2100000000000000                    130985
   6.2199999999999998                    131049
   6.2300000000000004                    131138
   6.2400000000000002                    131178
   6.2500000000000000                    131211
   6.2599999999999998                    131185
   6.2700000000000005                    131236
   6.2800000000000002                    131298
   6.2900000000000000                    131282
   6.2999999999999998                    131321
   6.3100000000000005                    131318
   6.3200000000000003                    131354
   6.3300000000000001                    131337
   6.3399999999999999                    131398
   6.3500000000000005                    131420
   6.3600000000000003                    131434
   6.3700000000000001                    131410
   6.3799999999999999                    131397
   6.3900000000000006                    131433
   6.4000000000000004                    131425
   6.4100000000000001                    131499
   6.4199999999999999                    131412
   6.4299999999999997                    131382
   6.4400000000000004                    131347
   6.4500000000000002                    131337
   6.4600000000000000                    131335
   6.4699999999999998                    131336
   6.4800000000000004                    131292
   6.4900000000000002                    131298
   6.5000000000000000                    131261
   6.5099999999999998                    131233
   6.5200000000000005                    131191
   6.5300000000000002                    131184
   6.5400000000000000                    131189
   6.5499999999999998                    131158
   6.5600000000000005                    131168
   6.5700000000000003                    131166
   6.5800000000000001                    131077
   6.5899999999999999                    131037
   6.6000000000000005                    130975
   6.6100000000000003                    130881
   6.6200000000000001                    130800
   6.6299999999999999                    130737
   6.6400000000000006                    130714
   6.6500000000000004                    130727
   6.6600000000000001                    130727
   6.6699999999999999                    130693
   6.6799999999999997                    130636
   6.6900000000000004                    130545
   6.7000000000000002                    130520
   6.7100000000000000                    130477
   6.7199999999999998                    130355
   6.7300000000000004                    130259
   6.7400000000000002                    130138
   6.7500000000000000                    130093
   6.7599999999999998                    130029
   6.7700000000000005                    129988
   6.7800000000000002                    129931
   6.7900000000000000                    129885
   6.7999999999999998                    129799
   6.8100000000000005                    129757
   6.8200000000000003                    129766
   6.8300000000000001                    129695
   6.8399999999999999                    129629
   6.8500000000000005                    129523
   6.8600000000000003                    129451
   6.8700000000000001                    129375
   6.8799999999999999                    129322
   6.8900000000000006                    129250
   6.9000000000000004                    129160
   6.9100000000000001                    129087
   6.9199999999999999                    129081
   6.9299999999999997                    128965
   6.9400000000000004                    128895
   6.9500000000000002                    128830
   6.9600000000000000                    128693
   6.9699999999999998                    128556
   6.9800000000000004                    128441
   6.9900000000000002                    128382
   7.0000000000000000                    128275
   7.0099999999999998                    128162
   7.0200000000000005                    128099
   7.0300000000000002                    127990
   7.0400000000000000                    127861
   7.0499999999999998                    127747
   7.0600000000000005                    127611
   7.0700000000000003                    127473
   7.0800000000000001                    127354
   7.0899999999999999                    127292
   7.1000000000000005                    127237
   7.1100000000000003                    127142
   7.1200000000000001                    127000
   7.1299999999999999                    126799
   7.1400000000000006                    126696
   7.1500000000000004                    126578
   7.1600000000000001                    126443
   7.1699999999999999                    126279
   7.1799999999999997                    126184
   7.1900000000000004                    126073
   7.2000000000000002                    125958
   7.2100000000000000                    125875
   7.2199999999999998                    125713
   7.2300000000000004                    125521
   7.2400000000000002                    125405
   7.2500000000000000                    125309
   7.2599999999999998                    125166
   7.2700000000000005                    125037
   7.2800000000000002                    124932
   7.2900000000000000                    124805
   7.2999999999999998                    124670
   7.3100000000000005                    124531
   7.3200000000000003                    124370
   7.3300000000000001                    124264
   7.3399999999999999                    124101
   7.3500000000000005                    123992
   7.3600000000000003                    123830
   7.3700000000000001                    123649
   7.3799999999999999                    123502
   7.3900000000000006                    123371
   7.4000000000000004                    123206
   7.4100000000000001                    123077
   7.4199999999999999                    122971
   7.4299999999999997                    122813
   7.4400000000000004                    122684
   7.4500000000000002                    122569
   7.4600000000000000                    122410
   7.4699999999999998                    122284
   7.4800000000000004                    122109
   7.4900000000000002                    121940
   7.5000000000000000                    121774
   7.5099999999999998                    121594
   7.5200000000000005                    121482
   7.5300000000000002                    121360
   7.5400000000000000                    121184
   7.5499999999999998                    120988
   7.5600000000000005                    120808
   7.5700000000000003                    120625
   7.5800000000000001                    120412
   7.5899999999999999                    120252
   7.6000000000000005                    120046
   7.6100000000000003                    119862
   7.6200000000000001                    119689
   7.6299999999999999                    119505
   7.6400000000000006                    119354
   7.6500000000000004                    119158
   7.6600000000000001                    118976
   7.6699999999999999                    118752
   7.6799999999999997                    118560
   7.6900000000000004                    118372
   7.7000000000000002                    118184
   7.7100000000000000                    117982
   7.7199999999999998                    117786
   7.7300000000000004                    117610
   7.7400000000000002                    117426
   7.7500000000000000                    117267
   7.7599999999999998                    117074
   7.7700000000000005                    116931
   7.7800000000000002                    116754
   7.7900000000000000                    116564
   7.7999999999999998                    116355
   7.8100000000000005                    116181
   7.8200000000000003                    116010
   7.8300000000000001                    115816
   7.8399999999999999                    115644
   7.8500000000000005                    115393
   7.8600000000000003                    115201
   7.8700000000000001                    114995
   7.8799999999999999                    114813
   7.8900000000000006                    114635
   7.9000000000000004                    114451
   7.9100000000000001                    114284
   7.9199999999999999                    114061
   7.9300000000000006                    113905
   7.9400000000000004                    113690
   7.9500000000000002                    113473
   7.9600000000000000                    113275
   7.9699999999999998                    113076
   7.9800000000000004                    112832
   7.9900000000000002                    112589
   8.0000000000000000                    112391
   8.0099999999999998                    112222
   8.0199999999999996                    112037
   8.0299999999999994                    111810
   8.0400000000000009                    111618
   8.0500000000000007                    111417
   8.0600000000000005                    111224
   8.0700000000000003                    111011
   8.0800000000000001                    110797
   8.0899999999999999                    110614
   8.0999999999999996                    110461
   8.1099999999999994                    110277
   8.1200000000000010                    110046
   8.1300000000000008                    109838
   8.1400000000000006                    109629
   8.1500000000000004                    109402
   8.1600000000000001                    109194
   8.1699999999999999                    108977
   8.1799999999999997                    108783
   8.1899999999999995                    108566
   8.1999999999999993                    108316
   8.2100000000000009                    108057
   8.2200000000000006                    107834
   8.2300000000000004                    107628
   8.2400000000000002                    107356
   8.2500000000000000                    107140
   8.2599999999999998                    106886
   8.2699999999999996                    106676
   8.2799999999999994                    106423
   8.2900000000000009                    106149
   8.3000000000000007                    105917
   8.3100000000000005                    105677
   8.3200000000000003                    105469
   8.3300000000000001                    105248
   8.3399999999999999                    104952
   8.3499999999999996                    104703
   8.3599999999999994                    104449
   8.3700000000000010                    104258
   8.3800000000000008                    104057
   8.3900000000000006                    103804
   8.4000000000000004                    103576
   8.4100000000000001                    103343
   8.4199999999999999                    103086
   8.4299999999999997                    102848
   8.4399999999999995                    102607
   8.4499999999999993                    102362
   8.4600000000000009                    102132
   8.4700000000000006                    101943
   8.4800000000000004                    101726
   8.4900000000000002                    101496
   8.5000000000000000                    101251
   8.5099999999999998                    101073
   8.5199999999999996                    100857
   8.5299999999999994                    100674
   8.5400000000000009                    100464
   8.5500000000000007                    100177
   8.5600000000000005                    100009
   8.5700000000000003                     99745
   8.5800000000000001                     99517
   8.5899999999999999                     99330
   8.5999999999999996                     99085
   8.6099999999999994                     98808
   8.6200000000000010                     98571
   8.6300000000000008                     98303
   8.6400000000000006                     98043
   8.6500000000000004                     97797
   8.6600000000000001                     97567
   8.6699999999999999                     97331
   8.6799999999999997                     97072
   8.6899999999999995                     96779
   8.7000000000000011                     96550
   8.7100000000000009                     96302
   8.7200000000000006                     96029
   8.7300000000000004                     95770
   8.7400000000000002                     95505
   8.7500000000000000                     95241
   8.7599999999999998                     95006
   8.7699999999999996                     94778
   8.7799999999999994                     94533
   8.7900000000000009                     94256
   8.8000000000000007                     94022
   8.8100000000000005                     93819
   8.8200000000000003                     93556
   8.8300000000000001                     93291
   8.8399999999999999                     93008
   8.8499999999999996                     92803
   8.8599999999999994                     92588
   8.8700000000000010                     92354
   8.8800000000000008                     92119
   8.8900000000000006                     91851
   8.9000000000000004                     91610
   8.9100000000000001                     91387
   8.9199999999999999                     91090
   8.9299999999999997                     90865
   8.9399999999999995                     90608
   8.9500000000000011                     90363
   8.9600000000000009                     90082
   8.9700000000000006                     89822
   8.9800000000000004                     89551
   8.9900000000000002                     89314
   9.0000000000000000                     89083
   9.0099999999999998                     88829
   9.0199999999999996                     88559
   9.0299999999999994                     88294
   9.0400000000000009                     88031
   9.0500000000000007                     87767
   9.0600000000000005                     87488
   9.0700000000000003                     87256
   9.0800000000000001                     86947
   9.0899999999999999                     86736
   9.0999999999999996                     86516
   9.1099999999999994                     86290
   9.1200000000000010                     86043
   9.1300000000000008                     85801
   9.1400000000000006                     85566
   9.1500000000000004                     85319
   9.1600000000000001                     85098
   9.1699999999999999                     84811
   9.1799999999999997                     84594
   9.1899999999999995                     84329
   9.2000000000000011                     84070
   9.2100000000000009                     83814
   9.2200000000000006                     83551
   9.2300000000000004                     83340
   9.2400000000000002                     83123
   9.2500000000000000                     82824
   9.2599999999999998                     82556
   9.2699999999999996                     82322
   9.2799999999999994                     82073
   9.2900000000000009                     81781
   9.3000000000000007                     81540
   9.3100000000000005                     81267
   9.3200000000000003                     81053
   9.3300000000000001                     80795
   9.3399999999999999                     80588
   9.3499999999999996                     80379
   9.3599999999999994                     80184
   9.3700000000000010                     79909
   9.3800000000000008                     79669
   9.3900000000000006                     79421
   9.4000000000000004                     79209
   9.4100000000000001                     78958
   9.4199999999999999                     78709
   9.4299999999999997                     78473
   9.4399999999999995                     78223
   9.4500000000000011                     78005
   9.4600000000000009                     77747
   9.4700000000000006                     77497
   9.4800000000000004                     77208
   9.4900000000000002                     76976
   9.5000000000000000                     76714
   9.5099999999999998                     76480
   9.5199999999999996                     76250
   9.5299999999999994                     75995
   9.5400000000000009                     75729
   9.5500000000000007                     75492
   9.5600000000000005                     75217
   9.5700000000000003                     74978
   9.5800000000000001                     74750
   9.5899999999999999                     74539
   9.5999999999999996                     74327
   9.6099999999999994                     74107
   9.6200000000000010                     73876
   9.6300000000000008                     73617
   9.6400000000000006                     73429
   9.6500000000000004                     73166
   9.6600000000000001                     72909
   9.6699999999999999                     72639
   9.6799999999999997                     72431
   9.6899999999999995                     72215
   9.7000000000000011                     71980
   9.7100000000000009                     71738
   9.7200000000000006                     71528
   9.7300000000000004                     71269
   9.7400000000000002                     71037
   9.7500000000000000                     70791
   9.7599999999999998                     70575
   9.7699999999999996                     70357
   9.7799999999999994                     70161
   9.7900000000000009                     69899
   9.8000000000000007                     69647
   9.8100000000000005                     69403
   9.8200000000000003                     69220
   9.8300000000000001                     68980
   9.8399999999999999                     68791
   9.8499999999999996                     68600
   9.8599999999999994                     68380
   9.8700000000000010                     68181
   9.8800000000000008                     67980
   9.8900000000000006                     67736
   9.9000000000000004                     67557
   9.9100000000000001                     67322
   9.9199999999999999                     67080
   9.9299999999999997                     66850
   9.9399999999999995                     66628
   9.9500000000000011                     66440
   9.9600000000000009                     66222
   9.9700000000000006                     65963
   9.9800000000000004                     65726
   9.9900000000000002                     65512
   10.000000000000000                     65305
