   0.0000000000000000                         0
   1.0000000000000000E-002                  195
   2.0000000000000000E-002                  405
   2.9999999999999999E-002                  606
   4.0000000000000001E-002                  784
   5.0000000000000003E-002                  983
   5.9999999999999998E-002                 1184
   7.0000000000000007E-002                 1386
   8.0000000000000002E-002                 1575
   8.9999999999999997E-002                 1772
  0.10000000000000001                      1968
  0.11000000000000000                      2143
  0.12000000000000000                      2343
  0.13000000000000000                      2577
  0.14000000000000001                      2777
  0.14999999999999999                      2990
  0.16000000000000000                      3183
  0.17000000000000001                      3388
  0.17999999999999999                      3563
  0.19000000000000000                      3758
  0.20000000000000001                      3964
  0.20999999999999999                      4169
  0.22000000000000000                      4362
  0.23000000000000001                      4547
  0.23999999999999999                      4730
  0.25000000000000000                      4911
  0.26000000000000001                      5106
  0.27000000000000002                      5298
  0.28000000000000003                      5498
  0.28999999999999998                      5687
  0.29999999999999999                      5904
  0.31000000000000000                      6116
  0.32000000000000001                      6285
  0.33000000000000002                      6511
  0.34000000000000002                      6689
  0.35000000000000003                      6902
  0.35999999999999999                      7101
  0.37000000000000000                      7309
  0.38000000000000000                      7499
  0.39000000000000001                      7688
  0.40000000000000002                      7889
  0.41000000000000003                      8072
  0.41999999999999998                      8291
  0.42999999999999999                      8492
  0.44000000000000000                      8674
  0.45000000000000001                      8904
  0.46000000000000002                      9079
  0.47000000000000003                      9291
  0.47999999999999998                      9497
  0.48999999999999999                      9708
  0.50000000000000000                      9910
  0.51000000000000001                     10121
  0.52000000000000002                     10327
  0.53000000000000003                     10532
  0.54000000000000004                     10712
  0.55000000000000004                     10919
  0.56000000000000005                     11123
  0.57000000000000006                     11332
  0.57999999999999996                     11550
  0.58999999999999997                     11761
  0.59999999999999998                     11944
  0.60999999999999999                     12153
  0.62000000000000000                     12362
  0.63000000000000000                     12587
  0.64000000000000001                     12765
  0.65000000000000002                     12961
  0.66000000000000003                     13185
  0.67000000000000004                     13361
  0.68000000000000005                     13553
  0.69000000000000006                     13753
  0.70000000000000007                     13971
  0.70999999999999996                     14153
  0.71999999999999997                     14336
  0.72999999999999998                     14498
  0.73999999999999999                     14682
  0.75000000000000000                     14865
  0.76000000000000001                     15052
  0.77000000000000002                     15233
  0.78000000000000003                     15425
  0.79000000000000004                     15581
  0.80000000000000004                     15754
  0.81000000000000005                     15962
  0.82000000000000006                     16150
  0.83000000000000007                     16372
  0.83999999999999997                     16562
  0.84999999999999998                     16750
  0.85999999999999999                     16976
  0.87000000000000000                     17180
  0.88000000000000000                     17394
  0.89000000000000001                     17633
  0.90000000000000002                     17841
  0.91000000000000003                     18017
  0.92000000000000004                     18223
  0.93000000000000005                     18431
  0.94000000000000006                     18656
  0.95000000000000007                     18857
  0.95999999999999996                     19047
  0.96999999999999997                     19247
  0.97999999999999998                     19447
  0.98999999999999999                     19647
   1.0000000000000000                     19838
   1.0100000000000000                     20016
   1.0200000000000000                     20225
   1.0300000000000000                     20397
   1.0400000000000000                     20620
   1.0500000000000000                     20812
   1.0600000000000001                     20997
   1.0700000000000001                     21214
   1.0800000000000001                     21377
   1.0900000000000001                     21571
   1.1000000000000001                     21775
   1.1100000000000001                     21983
   1.1200000000000001                     22175
   1.1300000000000001                     22376
   1.1400000000000001                     22531
   1.1500000000000001                     22771
   1.1599999999999999                     22954
   1.1699999999999999                     23156
   1.1799999999999999                     23362
   1.1899999999999999                     23583
   1.2000000000000000                     23770
   1.2100000000000000                     23986
   1.2200000000000000                     24183
   1.2300000000000000                     24382
   1.2400000000000000                     24565
   1.2500000000000000                     24770
   1.2600000000000000                     24970
   1.2700000000000000                     25203
   1.2800000000000000                     25437
   1.2900000000000000                     25594
   1.3000000000000000                     25770
   1.3100000000000001                     25994
   1.3200000000000001                     26192
   1.3300000000000001                     26406
   1.3400000000000001                     26616
   1.3500000000000001                     26827
   1.3600000000000001                     27020
   1.3700000000000001                     27214
   1.3800000000000001                     27425
   1.3900000000000001                     27673
   1.4000000000000001                     27896
   1.4099999999999999                     28107
   1.4199999999999999                     28317
   1.4299999999999999                     28520
   1.4399999999999999                     28743
   1.4500000000000000                     28972
   1.4600000000000000                     29212
   1.4700000000000000                     29445
   1.4800000000000000                     29665
   1.4900000000000000                     29896
   1.5000000000000000                     30138
   1.5100000000000000                     30367
   1.5200000000000000                     30616
   1.5300000000000000                     30863
   1.5400000000000000                     31087
   1.5500000000000000                     31340
   1.5600000000000001                     31575
   1.5700000000000001                     31851
   1.5800000000000001                     32108
   1.5900000000000001                     32341
   1.6000000000000001                     32525
   1.6100000000000001                     32738
   1.6200000000000001                     32977
   1.6300000000000001                     33198
   1.6400000000000001                     33416
   1.6500000000000001                     33659
   1.6600000000000001                     33888
   1.6699999999999999                     34140
   1.6799999999999999                     34402
   1.6899999999999999                     34628
   1.7000000000000000                     34891
   1.7100000000000000                     35119
   1.7200000000000000                     35360
   1.7300000000000000                     35565
   1.7400000000000000                     35742
   1.7500000000000000                     35970
   1.7600000000000000                     36200
   1.7700000000000000                     36452
   1.7800000000000000                     36692
   1.7900000000000000                     36920
   1.8000000000000000                     37164
   1.8100000000000001                     37406
   1.8200000000000001                     37618
   1.8300000000000001                     37842
   1.8400000000000001                     38096
   1.8500000000000001                     38322
   1.8600000000000001                     38551
   1.8700000000000001                     38829
   1.8800000000000001                     39108
   1.8900000000000001                     39352
   1.9000000000000001                     39605
   1.9100000000000001                     39853
   1.9199999999999999                     40090
   1.9299999999999999                     40324
   1.9399999999999999                     40565
   1.9500000000000000                     40781
   1.9600000000000000                     41022
   1.9700000000000000                     41257
   1.9800000000000000                     41515
   1.9900000000000000                     41713
   2.0000000000000000                     41976
   2.0100000000000002                     42260
   2.0200000000000000                     42520
   2.0300000000000002                     42770
   2.0400000000000000                     43035
   2.0499999999999998                     43264
   2.0600000000000001                     43452
   2.0699999999999998                     43723
   2.0800000000000001                     43957
   2.0899999999999999                     44215
   2.1000000000000001                     44487
   2.1099999999999999                     44671
   2.1200000000000001                     44915
   2.1299999999999999                     45174
   2.1400000000000001                     45454
   2.1499999999999999                     45702
   2.1600000000000001                     45995
   2.1699999999999999                     46218
   2.1800000000000002                     46447
   2.1899999999999999                     46685
   2.2000000000000002                     46915
   2.2100000000000000                     47234
   2.2200000000000002                     47484
   2.2300000000000000                     47736
   2.2400000000000002                     48024
   2.2500000000000000                     48319
   2.2600000000000002                     48624
   2.2700000000000000                     48903
   2.2800000000000002                     49202
   2.2900000000000000                     49469
   2.3000000000000003                     49776
   2.3100000000000001                     50025
   2.3199999999999998                     50279
   2.3300000000000001                     50539
   2.3399999999999999                     50853
   2.3500000000000001                     51159
   2.3599999999999999                     51481
   2.3700000000000001                     51739
   2.3799999999999999                     51986
   2.3900000000000001                     52278
   2.3999999999999999                     52542
   2.4100000000000001                     52806
   2.4199999999999999                     53091
   2.4300000000000002                     53421
   2.4399999999999999                     53645
   2.4500000000000002                     53939
   2.4600000000000000                     54217
   2.4700000000000002                     54496
   2.4800000000000000                     54806
   2.4900000000000002                     55090
   2.5000000000000000                     55345
   2.5100000000000002                     55543
   2.5200000000000000                     55830
   2.5300000000000002                     56079
   2.5400000000000000                     56376
   2.5500000000000003                     56643
   2.5600000000000001                     56878
   2.5699999999999998                     57115
   2.5800000000000001                     57336
   2.5899999999999999                     57587
   2.6000000000000001                     57862
   2.6099999999999999                     58125
   2.6200000000000001                     58400
   2.6299999999999999                     58635
   2.6400000000000001                     58954
   2.6499999999999999                     59261
   2.6600000000000001                     59518
   2.6699999999999999                     59745
   2.6800000000000002                     60062
   2.6899999999999999                     60358
   2.7000000000000002                     60687
   2.7100000000000000                     60924
   2.7200000000000002                     61207
   2.7300000000000000                     61451
   2.7400000000000002                     61745
   2.7500000000000000                     61968
   2.7600000000000002                     62236
   2.7700000000000000                     62524
   2.7800000000000002                     62803
   2.7900000000000000                     63089
   2.8000000000000003                     63392
   2.8100000000000001                     63682
   2.8199999999999998                     63958
   2.8300000000000001                     64284
   2.8399999999999999                     64540
   2.8500000000000001                     64823
   2.8599999999999999                     65065
   2.8700000000000001                     65350
   2.8799999999999999                     65668
   2.8900000000000001                     65953
   2.8999999999999999                     66253
   2.9100000000000001                     66549
   2.9199999999999999                     66822
   2.9300000000000002                     67142
   2.9399999999999999                     67476
   2.9500000000000002                     67806
   2.9600000000000000                     68115
   2.9700000000000002                     68428
   2.9800000000000000                     68676
   2.9900000000000002                     68979
   3.0000000000000000                     69250
   3.0100000000000002                     69562
   3.0200000000000000                     69836
   3.0300000000000002                     70125
   3.0400000000000000                     70405
   3.0500000000000003                     70655
   3.0600000000000001                     70997
   3.0700000000000003                     71330
   3.0800000000000001                     71653
   3.0899999999999999                     71963
   3.1000000000000001                     72233
   3.1099999999999999                     72527
   3.1200000000000001                     72872
   3.1299999999999999                     73155
   3.1400000000000001                     73478
   3.1499999999999999                     73781
   3.1600000000000001                     74083
   3.1699999999999999                     74334
   3.1800000000000002                     74645
   3.1899999999999999                     74968
   3.2000000000000002                     75272
   3.2100000000000000                     75576
   3.2200000000000002                     75902
   3.2300000000000000                     76217
   3.2400000000000002                     76541
   3.2500000000000000                     76835
   3.2600000000000002                     77148
   3.2700000000000000                     77442
   3.2800000000000002                     77713
   3.2900000000000000                     77986
   3.3000000000000003                     78322
   3.3100000000000001                     78621
   3.3200000000000003                     78908
   3.3300000000000001                     79196
   3.3399999999999999                     79510
   3.3500000000000001                     79815
   3.3599999999999999                     80108
   3.3700000000000001                     80414
   3.3799999999999999                     80690
   3.3900000000000001                     81020
   3.3999999999999999                     81361
   3.4100000000000001                     81642
   3.4199999999999999                     81947
   3.4300000000000002                     82289
   3.4399999999999999                     82621
   3.4500000000000002                     82942
   3.4600000000000000                     83248
   3.4700000000000002                     83504
   3.4800000000000000                     83792
   3.4900000000000002                     84179
   3.5000000000000000                     84525
   3.5100000000000002                     84856
   3.5200000000000000                     85184
   3.5300000000000002                     85491
   3.5400000000000000                     85815
   3.5500000000000003                     86064
   3.5600000000000001                     86330
   3.5700000000000003                     86637
   3.5800000000000001                     86893
   3.5899999999999999                     87194
   3.6000000000000001                     87522
   3.6099999999999999                     87877
   3.6200000000000001                     88172
   3.6299999999999999                     88466
   3.6400000000000001                     88770
   3.6499999999999999                     89044
   3.6600000000000001                     89366
   3.6699999999999999                     89705
   3.6800000000000002                     90023
   3.6899999999999999                     90336
   3.7000000000000002                     90665
   3.7100000000000000                     90954
   3.7200000000000002                     91296
   3.7300000000000000                     91609
   3.7400000000000002                     91912
   3.7500000000000000                     92247
   3.7600000000000002                     92571
   3.7700000000000000                     92894
   3.7800000000000002                     93262
   3.7900000000000000                     93573
   3.8000000000000003                     93846
   3.8100000000000001                     94131
   3.8200000000000003                     94407
   3.8300000000000001                     94673
   3.8399999999999999                     95037
   3.8500000000000001                     95386
   3.8599999999999999                     95736
   3.8700000000000001                     95988
   3.8799999999999999                     96295
   3.8900000000000001                     96590
   3.8999999999999999                     96909
   3.9100000000000001                     97216
   3.9199999999999999                     97535
   3.9300000000000002                     97816
   3.9399999999999999                     98128
   3.9500000000000002                     98398
   3.9600000000000000                     98686
   3.9700000000000002                     98990
   3.9800000000000000                     99262
   3.9900000000000002                     99530
   4.0000000000000000                     99790
   4.0099999999999998                    100125
   4.0200000000000005                    100397
   4.0300000000000002                    100698
   4.0400000000000000                    100962
   4.0499999999999998                    101232
   4.0600000000000005                    101545
   4.0700000000000003                    101843
   4.0800000000000001                    102105
   4.0899999999999999                    102351
   4.0999999999999996                    102588
   4.1100000000000003                    102722
   4.1200000000000001                    103019
   4.1299999999999999                    103268
   4.1399999999999997                    103514
   4.1500000000000004                    103798
   4.1600000000000001                    104049
   4.1699999999999999                    104283
   4.1799999999999997                    104507
   4.1900000000000004                    104829
   4.2000000000000002                    105049
   4.2100000000000000                    105303
   4.2199999999999998                    105511
   4.2300000000000004                    105824
   4.2400000000000002                    106119
   4.2500000000000000                    106337
   4.2599999999999998                    106625
   4.2700000000000005                    106896
   4.2800000000000002                    107146
   4.2900000000000000                    107421
   4.2999999999999998                    107732
   4.3100000000000005                    107987
   4.3200000000000003                    108219
   4.3300000000000001                    108400
   4.3399999999999999                    108681
   4.3500000000000005                    108925
   4.3600000000000003                    109234
   4.3700000000000001                    109427
   4.3799999999999999                    109768
   4.3899999999999997                    110022
   4.4000000000000004                    110311
   4.4100000000000001                    110539
   4.4199999999999999                    110765
   4.4299999999999997                    111038
   4.4400000000000004                    111304
   4.4500000000000002                    111605
   4.4600000000000000                    111792
   4.4699999999999998                    112016
   4.4800000000000004                    112254
   4.4900000000000002                    112490
   4.5000000000000000                    112731
   4.5099999999999998                    113023
   4.5200000000000005                    113314
   4.5300000000000002                    113459
   4.5400000000000000                    113686
   4.5499999999999998                    113864
   4.5600000000000005                    114059
   4.5700000000000003                    114281
   4.5800000000000001                    114473
   4.5899999999999999                    114655
   4.6000000000000005                    114859
   4.6100000000000003                    115081
   4.6200000000000001                    115264
   4.6299999999999999                    115504
   4.6399999999999997                    115666
   4.6500000000000004                    115936
   4.6600000000000001                    116137
   4.6699999999999999                    116285
   4.6799999999999997                    116533
   4.6900000000000004                    116773
   4.7000000000000002                    116976
   4.7100000000000000                    117146
   4.7199999999999998                    117341
   4.7300000000000004                    117604
   4.7400000000000002                    117815
   4.7500000000000000                    118028
   4.7599999999999998                    118223
   4.7700000000000005                    118399
   4.7800000000000002                    118608
   4.7900000000000000                    118831
   4.7999999999999998                    119030
   4.8100000000000005                    119307
   4.8200000000000003                    119541
   4.8300000000000001                    119770
   4.8399999999999999                    119957
   4.8500000000000005                    120180
   4.8600000000000003                    120385
   4.8700000000000001                    120606
   4.8799999999999999                    120785
   4.8899999999999997                    121064
   4.9000000000000004                    121254
   4.9100000000000001                    121489
   4.9199999999999999                    121730
   4.9299999999999997                    121916
   4.9400000000000004                    122090
   4.9500000000000002                    122267
   4.9600000000000000                    122434
   4.9699999999999998                    122542
   4.9800000000000004                    122669
   4.9900000000000002                    122901
   5.0000000000000000                    123131
   5.0099999999999998                    123393
   5.0200000000000005                    123598
   5.0300000000000002                    123708
   5.0400000000000000                    123926
   5.0499999999999998                    124021
   5.0600000000000005                    124185
   5.0700000000000003                    124393
   5.0800000000000001                    124569
   5.0899999999999999                    124746
   5.1000000000000005                    124926
   5.1100000000000003                    125232
   5.1200000000000001                    125446
   5.1299999999999999                    125652
   5.1399999999999997                    125818
   5.1500000000000004                    125963
   5.1600000000000001                    126147
   5.1699999999999999                    126285
   5.1799999999999997                    126436
   5.1900000000000004                    126547
   5.2000000000000002                    126729
   5.2100000000000000                    126914
   5.2199999999999998                    127039
   5.2300000000000004                    127171
   5.2400000000000002                    127332
   5.2500000000000000                    127495
   5.2599999999999998                    127668
   5.2700000000000005                    127821
   5.2800000000000002                    127954
   5.2900000000000000                    128076
   5.2999999999999998                    128175
   5.3100000000000005                    128403
   5.3200000000000003                    128534
   5.3300000000000001                    128615
   5.3399999999999999                    128749
   5.3500000000000005                    128881
   5.3600000000000003                    129032
   5.3700000000000001                    129202
   5.3799999999999999                    129352
   5.3899999999999997                    129431
   5.4000000000000004                    129519
   5.4100000000000001                    129652
   5.4199999999999999                    129696
   5.4299999999999997                    129767
   5.4400000000000004                    129893
   5.4500000000000002                    130005
   5.4600000000000000                    130155
   5.4699999999999998                    130279
   5.4800000000000004                    130439
   5.4900000000000002                    130558
   5.5000000000000000                    130702
   5.5099999999999998                    130799
   5.5200000000000005                    130941
   5.5300000000000002                    130953
   5.5400000000000000                    131050
   5.5499999999999998                    131120
   5.5600000000000005                    131260
   5.5700000000000003                    131356
   5.5800000000000001                    131476
   5.5899999999999999                    131693
   5.6000000000000005                    131728
   5.6100000000000003                    131783
   5.6200000000000001                    131850
   5.6299999999999999                    131920
   5.6399999999999997                    132054
   5.6500000000000004                    132167
   5.6600000000000001                    132304
   5.6699999999999999                    132410
   5.6799999999999997                    132482
   5.6900000000000004                    132575
   5.7000000000000002                    132665
   5.7100000000000000                    132762
   5.7199999999999998                    132792
   5.7300000000000004                    132924
   5.7400000000000002                    133001
   5.7500000000000000                    133076
   5.7599999999999998                    133147
   5.7700000000000005                    133273
   5.7800000000000002                    133353
   5.7900000000000000                    133408
   5.7999999999999998                    133512
   5.8100000000000005                    133532
   5.8200000000000003                    133617
   5.8300000000000001                    133655
   5.8399999999999999                    133746
   5.8500000000000005                    133811
   5.8600000000000003                    133836
   5.8700000000000001                    133941
   5.8799999999999999                    134032
   5.8899999999999997                    134059
   5.9000000000000004                    134139
   5.9100000000000001                    134217
   5.9199999999999999                    134297
   5.9299999999999997                    134302
   5.9400000000000004                    134280
   5.9500000000000002                    134312
   5.9600000000000000                    134300
   5.9699999999999998                    134313
   5.9800000000000004                    134329
   5.9900000000000002                    134394
   6.0000000000000000                    134417
   6.0099999999999998                    134403
   6.0200000000000005                    134459
   6.0300000000000002                    134467
   6.0400000000000000                    134488
   6.0499999999999998                    134547
   6.0600000000000005                    134572
   6.0700000000000003                    134620
   6.0800000000000001                    134650
   6.0899999999999999                    134688
   6.1000000000000005                    134697
   6.1100000000000003                    134684
   6.1200000000000001                    134681
   6.1299999999999999                    134699
   6.1400000000000006                    134708
   6.1500000000000004                    134729
   6.1600000000000001                    134779
   6.1699999999999999                    134702
   6.1799999999999997                    134749
   6.1900000000000004                    134704
   6.2000000000000002                    134671
   6.2100000000000000                    134560
   6.2199999999999998                    134597
   6.2300000000000004                    134512
   6.2400000000000002                    134476
   6.2500000000000000                    134503
   6.2599999999999998                    134449
   6.2700000000000005                    134431
   6.2800000000000002                    134426
   6.2900000000000000                    134442
   6.2999999999999998                    134426
   6.3100000000000005                    134361
   6.3200000000000003                    134356
   6.3300000000000001                    134376
   6.3399999999999999                    134285
   6.3500000000000005                    134258
   6.3600000000000003                    134261
   6.3700000000000001                    134342
   6.3799999999999999                    134346
   6.3900000000000006                    134363
   6.4000000000000004                    134331
   6.4100000000000001                    134323
   6.4199999999999999                    134279
   6.4299999999999997                    134252
   6.4400000000000004                    134138
   6.4500000000000002                    134143
   6.4600000000000000                    134097
   6.4699999999999998                    133987
   6.4800000000000004                    133950
   6.4900000000000002                    133898
   6.5000000000000000                    133896
   6.5099999999999998                    133895
   6.5200000000000005                    133812
   6.5300000000000002                    133766
   6.5400000000000000                    133724
   6.5499999999999998                    133660
   6.5600000000000005                    133617
   6.5700000000000003                    133514
   6.5800000000000001                    133442
   6.5899999999999999                    133344
   6.6000000000000005                    133195
   6.6100000000000003                    133115
   6.6200000000000001                    133058
   6.6299999999999999                    133009
   6.6400000000000006                    132925
   6.6500000000000004                    132773
   6.6600000000000001                    132700
   6.6699999999999999                    132624
   6.6799999999999997                    132496
   6.6900000000000004                    132420
   6.7000000000000002                    132414
   6.7100000000000000                    132373
   6.7199999999999998                    132309
   6.7300000000000004                    132188
   6.7400000000000002                    132015
   6.7500000000000000                    131910
   6.7599999999999998                    131873
   6.7700000000000005                    131791
   6.7800000000000002                    131722
   6.7900000000000000                    131584
   6.7999999999999998                    131542
   6.8100000000000005                    131494
   6.8200000000000003                    131322
   6.8300000000000001                    131221
   6.8399999999999999                    131115
   6.8500000000000005                    131024
   6.8600000000000003                    130925
   6.8700000000000001                    130785
   6.8799999999999999                    130656
   6.8900000000000006                    130565
   6.9000000000000004                    130423
   6.9100000000000001                    130323
   6.9199999999999999                    130222
   6.9299999999999997                    130088
   6.9400000000000004                    129955
   6.9500000000000002                    129850
   6.9600000000000000                    129778
   6.9699999999999998                    129650
   6.9800000000000004                    129513
   6.9900000000000002                    129380
   7.0000000000000000                    129205
   7.0099999999999998                    129065
   7.0200000000000005                    128927
   7.0300000000000002                    128809
   7.0400000000000000                    128614
   7.0499999999999998                    128506
   7.0600000000000005                    128296
   7.0700000000000003                    128187
   7.0800000000000001                    128046
   7.0899999999999999                    127971
   7.1000000000000005                    127810
   7.1100000000000003                    127731
   7.1200000000000001                    127591
   7.1299999999999999                    127410
   7.1400000000000006                    127265
   7.1500000000000004                    127112
   7.1600000000000001                    127005
   7.1699999999999999                    126856
   7.1799999999999997                    126709
   7.1900000000000004                    126586
   7.2000000000000002                    126475
   7.2100000000000000                    126335
   7.2199999999999998                    126164
   7.2300000000000004                    125966
   7.2400000000000002                    125799
   7.2500000000000000                    125649
   7.2599999999999998                    125471
   7.2700000000000005                    125322
   7.2800000000000002                    125152
   7.2900000000000000                    125051
   7.2999999999999998                    124862
   7.3100000000000005                    124664
   7.3200000000000003                    124506
   7.3300000000000001                    124340
   7.3399999999999999                    124162
   7.3500000000000005                    123975
   7.3600000000000003                    123828
   7.3700000000000001                    123619
   7.3799999999999999                    123468
   7.3900000000000006                    123330
   7.4000000000000004                    123148
   7.4100000000000001                    122997
   7.4199999999999999                    122798
   7.4299999999999997                    122627
   7.4400000000000004                    122464
   7.4500000000000002                    122300
   7.4600000000000000                    122097
   7.4699999999999998                    121845
   7.4800000000000004                    121662
   7.4900000000000002                    121459
   7.5000000000000000                    121286
   7.5099999999999998                    121100
   7.5200000000000005                    120943
   7.5300000000000002                    120747
   7.5400000000000000                    120591
   7.5499999999999998                    120430
   7.5600000000000005                    120213
   7.5700000000000003                    119991
   7.5800000000000001                    119797
   7.5899999999999999                    119632
   7.6000000000000005                    119387
   7.6100000000000003                    119218
   7.6200000000000001                    119042
   7.6299999999999999                    118864
   7.6400000000000006                    118692
   7.6500000000000004                    118495
   7.6600000000000001                    118295
   7.6699999999999999                    118076
   7.6799999999999997                    117845
   7.6900000000000004                    117690
   7.7000000000000002                    117497
   7.7100000000000000                    117256
   7.7199999999999998                    117060
   7.7300000000000004                    116891
   7.7400000000000002                    116684
   7.7500000000000000                    116489
   7.7599999999999998                    116280
   7.7700000000000005                    116027
   7.7800000000000002                    115784
   7.7900000000000000                    115549
   7.7999999999999998                    115363
   7.8100000000000005                    115089
   7.8200000000000003                    114862
   7.8300000000000001                    114678
   7.8399999999999999                    114397
   7.8500000000000005                    114183
   7.8600000000000003                    113979
   7.8700000000000001                    113726
   7.8799999999999999                    113498
   7.8900000000000006                    113291
   7.9000000000000004                    113016
   7.9100000000000001                    112810
   7.9199999999999999                    112609
   7.9300000000000006                    112383
   7.9400000000000004                    112189
   7.9500000000000002                    112000
   7.9600000000000000                    111768
   7.9699999999999998                    111527
   7.9800000000000004                    111315
   7.9900000000000002                    111135
   8.0000000000000000                    110946
   8.0099999999999998                    110735
   8.0199999999999996                    110513
   8.0299999999999994                    110271
   8.0400000000000009                    110015
   8.0500000000000007                    109792
   8.0600000000000005                    109518
   8.0700000000000003                    109294
   8.0800000000000001                    109062
   8.0899999999999999                    108793
   8.0999999999999996                    108514
   8.1099999999999994                    108273
   8.1200000000000010                    107996
   8.1300000000000008                    107779
   8.1400000000000006                    107583
   8.1500000000000004                    107281
   8.1600000000000001                    107078
   8.1699999999999999                    106829
   8.1799999999999997                    106606
   8.1899999999999995                    106430
   8.1999999999999993                    106199
   8.2100000000000009                    105973
   8.2200000000000006                    105715
   8.2300000000000004                    105463
   8.2400000000000002                    105144
   8.2500000000000000                    104888
   8.2599999999999998                    104598
   8.2699999999999996                    104340
   8.2799999999999994                    104064
   8.2900000000000009                    103849
   8.3000000000000007                    103593
   8.3100000000000005                    103349
   8.3200000000000003                    103121
   8.3300000000000001                    102921
   8.3399999999999999                    102669
   8.3499999999999996                    102401
   8.3599999999999994                    102130
   8.3700000000000010                    101911
   8.3800000000000008                    101653
   8.3900000000000006                    101456
   8.4000000000000004                    101143
   8.4100000000000001                    100885
   8.4199999999999999                    100666
   8.4299999999999997                    100419
   8.4399999999999995                    100162
   8.4499999999999993                     99904
   8.4600000000000009                     99663
   8.4700000000000006                     99433
   8.4800000000000004                     99160
   8.4900000000000002                     98885
   8.5000000000000000                     98653
   8.5099999999999998                     98401
   8.5199999999999996                     98142
   8.5299999999999994                     97882
   8.5400000000000009                     97576
   8.5500000000000007                     97353
   8.5600000000000005                     97106
   8.5700000000000003                     96883
   8.5800000000000001                     96640
   8.5899999999999999                     96370
   8.5999999999999996                     96098
   8.6099999999999994                     95834
   8.6200000000000010                     95554
   8.6300000000000008                     95285
   8.6400000000000006                     95033
   8.6500000000000004                     94744
   8.6600000000000001                     94521
   8.6699999999999999                     94197
   8.6799999999999997                     93938
   8.6899999999999995                     93677
   8.7000000000000011                     93411
   8.7100000000000009                     93183
   8.7200000000000006                     92902
   8.7300000000000004                     92659
   8.7400000000000002                     92440
   8.7500000000000000                     92229
   8.7599999999999998                     91941
   8.7699999999999996                     91676
   8.7799999999999994                     91404
   8.7900000000000009                     91146
   8.8000000000000007                     90899
   8.8100000000000005                     90686
   8.8200000000000003                     90418
   8.8300000000000001                     90177
   8.8399999999999999                     89922
   8.8499999999999996                     89674
   8.8599999999999994                     89439
   8.8700000000000010                     89196
   8.8800000000000008                     88915
   8.8900000000000006                     88645
   8.9000000000000004                     88405
   8.9100000000000001                     88178
   8.9199999999999999                     87930
   8.9299999999999997                     87675
   8.9399999999999995                     87389
   8.9500000000000011                     87136
   8.9600000000000009                     86881
   8.9700000000000006                     86640
   8.9800000000000004                     86395
   8.9900000000000002                     86132
   9.0000000000000000                     85865
   9.0099999999999998                     85630
   9.0199999999999996                     85370
   9.0299999999999994                     85090
   9.0400000000000009                     84824
   9.0500000000000007                     84590
   9.0600000000000005                     84358
   9.0700000000000003                     84100
   9.0800000000000001                     83848
   9.0899999999999999                     83603
   9.0999999999999996                     83333
   9.1099999999999994                     83094
   9.1200000000000010                     82868
   9.1300000000000008                     82610
   9.1400000000000006                     82342
   9.1500000000000004                     82082
   9.1600000000000001                     81829
   9.1699999999999999                     81559
   9.1799999999999997                     81305
   9.1899999999999995                     81026
   9.2000000000000011                     80741
   9.2100000000000009                     80467
   9.2200000000000006                     80180
   9.2300000000000004                     79913
   9.2400000000000002                     79654
   9.2500000000000000                     79397
   9.2599999999999998                     79144
   9.2699999999999996                     78920
   9.2799999999999994                     78686
   9.2900000000000009                     78423
   9.3000000000000007                     78160
   9.3100000000000005                     77922
   9.3200000000000003                     77674
   9.3300000000000001                     77406
   9.3399999999999999                     77147
   9.3499999999999996                     76877
   9.3599999999999994                     76623
   9.3700000000000010                     76371
   9.3800000000000008                     76136
   9.3900000000000006                     75916
   9.4000000000000004                     75641
   9.4100000000000001                     75387
   9.4199999999999999                     75132
   9.4299999999999997                     74885
   9.4399999999999995                     74643
   9.4500000000000011                     74407
   9.4600000000000009                     74135
   9.4700000000000006                     73903
   9.4800000000000004                     73655
   9.4900000000000002                     73407
   9.5000000000000000                     73168
   9.5099999999999998                     72933
   9.5199999999999996                     72697
   9.5299999999999994                     72452
   9.5400000000000009                     72187
   9.5500000000000007                     71979
   9.5600000000000005                     71775
   9.5700000000000003                     71524
   9.5800000000000001                     71276
   9.5899999999999999                     71023
   9.5999999999999996                     70750
   9.6099999999999994                     70510
   9.6200000000000010                     70267
   9.6300000000000008                     70002
   9.6400000000000006                     69780
   9.6500000000000004                     69545
   9.6600000000000001                     69286
   9.6699999999999999                     69051
   9.6799999999999997                     68801
   9.6899999999999995                     68591
   9.7000000000000011                     68370
   9.7100000000000009                     68104
   9.7200000000000006                     67869
   9.7300000000000004                     67675
   9.7400000000000002                     67419
   9.7500000000000000                     67170
   9.7599999999999998                     66964
   9.7699999999999996                     66748
   9.7799999999999994                     66541
   9.7900000000000009                     66296
   9.8000000000000007                     66067
   9.8100000000000005                     65874
   9.8200000000000003                     65632
   9.8300000000000001                     65396
   9.8399999999999999                     65182
   9.8499999999999996                     64979
   9.8599999999999994                     64739
   9.8700000000000010                     64491
   9.8800000000000008                     64259
   9.8900000000000006                     64047
   9.9000000000000004                     63805
   9.9100000000000001                     63555
   9.9199999999999999                     63327
   9.9299999999999997                     63120
   9.9399999999999995                     62888
   9.9500000000000011                     62682
   9.9600000000000009                     62483
   9.9700000000000006                     62308
   9.9800000000000004                     62095
   9.9900000000000002                     61886
   10.000000000000000                     61690
